0 
1 
2 1 
3 
4 
5 4 
6 4 
7 
8 7 
9 9 
10 9 
11 
12 11 
13 13 
14 13 
15 13 
16 11 
17 11 
18 
19 18 
20 20 
21 20 
22 20 22 
23 20 22 
24 20 
25 
26 25 
27 27 
28 27 
29 27 
30 27 
31 27 18 30 
32 
33 
34 
35 
36 
37 37 
38 37 
39 37 
40 
41 
42 41 
43 
44 44 
45 44 
46 46 
47 46 
48 46 
49 44 
50 50 
51 50 
52 50 51 
53 50 51 
54 50 
55 44 
56 
57 56 
58 
59 59 
60 
61 60 
62 
63 63 
64 63 
65 63 
66 63 
67 63 
68 63 
69 63 
70 63 
71 63 
72 63 
73 63 
74 63 
75 63 
76 63 
77 63 
78 63 
79 63 
80 63 
81 63 
82 63 
83 63 
84 63 
85 63 
86 63 
87 63 
88 63 
89 63 
90 63 
91 63 
92 63 
93 63 
94 63 
95 63 
96 63 
97 63 
98 63 
99 63 
100 63 
101 63 
102 63 
103 63 
104 63 
105 63 
106 63 
107 63 
108 63 
109 63 
110 63 
111 63 
112 63 
113 63 
114 63 
115 63 
116 63 
117 63 116 
118 63 
119 63 
120 63 
121 63 
122 63 
123 63 
124 63 
125 63 
126 63 
127 63 
128 63 
129 63 
130 63 
131 63 
132 63 
133 63 
134 63 
135 63 
136 63 
137 63 
138 63 
139 63 
140 63 
141 63 
142 63 
143 63 
144 63 
145 63 
146 63 
147 63 
148 63 
149 63 
150 63 
151 63 
152 63 
153 63 
154 63 
155 63 
156 63 
157 63 
158 63 
159 63 
160 63 
161 63 
162 63 
163 63 
164 63 
165 63 
166 63 
167 63 
168 63 
169 63 
170 63 
171 63 
172 63 
173 63 
174 63 
175 63 
176 63 
177 63 
178 63 
179 63 
180 63 
181 63 
182 63 
183 63 
184 63 
185 63 
186 63 
187 63 
188 63 
189 63 
190 63 
191 63 
192 63 
193 63 
194 63 
195 63 
196 63 
197 63 
198 63 
199 63 
200 63 
201 63 
202 63 
203 63 
204 63 
205 63 
206 63 
207 63 
208 63 
209 63 
210 63 
211 63 
212 63 
213 63 
214 63 
215 63 
216 63 
217 63 
218 63 
219 63 
220 63 
221 63 
222 63 
223 63 
224 63 
225 63 
226 63 
227 63 
228 63 
229 63 
230 63 
231 63 
232 63 
233 63 
234 63 
235 63 
236 63 
237 63 
238 63 
239 63 238 
240 63 
241 63 
242 63 
243 63 
244 63 
245 63 
246 63 
247 63 
248 63 
249 63 
250 63 
251 63 
252 63 
253 63 
254 63 
255 63 
256 63 
257 63 
258 63 
259 63 
260 63 
261 63 
262 63 
263 63 
264 63 
265 63 
266 63 
267 63 
268 63 
269 63 
270 63 
271 63 
272 63 
273 63 
274 63 
275 63 
276 63 
277 63 
278 63 
279 63 
280 63 
281 63 
282 63 
283 63 
284 63 
285 63 
286 63 
287 63 
288 63 
289 63 
290 63 
291 63 
292 63 
293 63 
294 63 
295 63 
296 63 
297 63 
298 63 
299 63 
300 63 
301 63 
302 63 
303 63 
304 63 
305 63 
306 63 
307 63 
308 63 
309 63 
310 63 
311 63 
312 63 
313 63 
314 63 
315 63 
316 63 
317 63 25 
318 63 
319 63 
320 63 
321 63 
322 63 
323 63 
324 63 
325 63 
326 63 
327 63 
328 63 
329 63 
330 63 
331 63 
332 63 
333 63 
334 63 
335 63 
336 63 
337 63 
338 63 
339 63 
340 63 
341 63 
342 63 
343 63 
344 63 
345 63 
346 63 
347 63 346 
348 63 96 346 
349 63 
350 63 
351 63 
352 63 
353 63 
354 63 
355 63 36 
356 63 
357 63 
358 63 
359 63 
360 63 
361 63 
362 63 
363 63 
364 63 363 
365 63 
366 63 
367 63 250 
368 63 
369 63 
370 63 
371 63 
372 63 
373 63 
374 63 
375 63 
376 63 
377 63 
378 63 
379 63 
380 63 
381 63 
382 63 
383 63 
384 63 
385 63 
386 63 
387 63 
388 63 
389 63 
390 63 
391 63 
392 63 
393 63 
394 63 
395 63 
396 63 
397 63 
398 63 397 
399 63 
400 63 
401 63 
402 63 
403 63 
404 63 
405 63 
406 63 
407 63 
408 63 
409 63 
410 63 
411 63 
412 63 
413 63 
414 63 
415 63 
416 63 
417 63 
418 63 
419 63 
420 63 
421 63 
422 63 
423 63 
424 63 
425 63 
426 63 
427 63 
428 63 
429 63 
430 63 
431 63 
432 63 
433 63 
434 63 
435 63 
436 63 
437 63 
438 63 
439 63 
440 63 
441 63 
442 63 
443 63 
444 63 
445 63 
446 63 
447 63 
448 63 448 
449 63 
450 63 
451 63 
452 63 
453 63 
454 63 
455 63 
456 63 
457 63 
458 63 
459 63 
460 63 
461 63 
462 63 
463 63 
464 63 
465 63 
466 63 
467 63 
468 63 
469 63 
470 63 
471 63 
472 63 
473 63 
474 63 
475 63 
476 63 
477 63 
478 63 
479 63 
480 63 
481 63 
482 63 
483 63 
484 63 
485 63 
486 63 
487 63 
488 63 
489 63 
490 63 
491 63 
492 63 491 
493 63 
494 63 
495 63 
496 63 
497 63 
498 63 
499 63 
500 63 
501 63 
502 63 
503 63 
504 63 
505 63 
506 63 
507 63 
508 63 
509 63 
510 63 
511 63 
512 63 
513 63 
514 63 
515 63 
516 63 
517 63 
518 63 
519 63 
520 63 
521 63 
522 63 
523 63 
524 63 247 
525 63 
526 63 
527 63 
528 63 
529 63 
530 63 
531 63 
532 63 
533 63 532 
534 63 
535 63 
536 63 
537 63 
538 63 
539 63 
540 63 
541 63 
542 63 
543 63 
544 63 
545 63 
546 63 
547 63 
548 63 
549 63 
550 63 
551 63 
552 63 
553 63 
554 63 
555 63 
556 63 
557 63 
558 63 
559 63 
560 63 
561 63 
562 63 
563 63 
564 63 
565 63 
566 63 
567 63 566 
568 63 
569 63 
570 63 
571 63 
572 63 
573 63 
574 63 
575 63 
576 63 
577 63 
578 63 
579 63 
580 63 
581 63 
582 63 
583 63 
584 63 
585 63 
586 63 
587 63 
588 63 
589 63 
590 63 
591 63 
592 63 
593 63 
594 63 
595 63 
596 63 
597 63 
598 63 
599 63 
600 63 
601 63 
602 63 
603 63 
604 63 
605 63 
606 63 
607 63 
608 63 
609 63 
610 63 
611 63 
612 63 
613 63 
614 63 
615 63 
616 63 
617 63 
618 63 
619 63 
620 63 
621 63 
622 63 
623 63 
624 63 623 
625 63 
626 63 
627 63 
628 63 
629 63 
630 63 
631 63 
632 63 
633 63 
634 63 
635 63 50 
636 63 
637 63 
638 63 
639 63 638 
640 63 
641 63 
642 63 
643 63 
644 63 
645 63 
646 63 
647 63 
648 63 
649 63 
650 63 
651 63 
652 63 
653 63 641 
654 63 
655 63 
656 63 
657 63 
658 63 
659 63 
660 63 
661 63 
662 63 
663 63 
664 63 
665 63 
666 63 
667 63 
668 63 
669 63 
670 63 
671 63 
672 63 
673 63 673 
674 63 
675 63 
676 63 
677 63 
678 63 
679 63 
680 63 
681 63 
682 63 
683 63 
684 63 
685 63 
686 63 250 
687 63 
688 63 
689 63 
690 63 
691 63 
692 63 
693 63 
694 63 
695 63 
696 63 
697 63 
698 63 
699 63 
700 63 
701 63 
702 63 
703 63 
704 63 
705 63 
706 63 
707 63 
708 63 
709 63 
710 63 
711 63 
712 63 
713 63 
714 63 
715 63 
716 63 
717 63 
718 63 
719 63 
720 63 
721 63 
722 63 
723 63 
724 63 
725 63 
726 63 
727 63 
728 63 
729 63 
730 63 
731 63 
732 63 
733 63 
734 63 
735 63 
736 63 
737 63 
738 63 
739 63 
740 63 
741 63 
742 63 741 
743 63 
744 63 
745 63 
746 63 
747 63 
748 63 
749 63 
750 63 
751 63 
752 63 
753 63 
754 63 
755 63 
756 63 
757 63 
758 63 
759 63 
760 63 
761 63 
762 63 
763 63 
764 63 763 
765 63 
766 63 
767 63 
768 63 
769 63 
770 63 
771 63 
772 63 
773 63 
774 63 
775 63 
776 63 
777 63 
778 63 
779 63 
780 63 
781 63 
782 63 
783 63 
784 63 
785 63 
786 63 
787 63 
788 63 
789 63 
790 63 
791 63 
792 63 
793 63 
794 63 
795 63 
796 63 
797 63 
798 63 
799 63 
800 63 
801 63 
802 63 
803 63 
804 63 
805 63 
806 63 
807 63 
808 63 
809 63 
810 63 
811 63 
812 63 
813 63 
814 63 
815 63 
816 63 
817 63 
818 63 
819 63 
820 63 
821 63 
822 63 
823 63 
824 63 
825 63 
826 63 
827 63 
828 63 
829 63 
830 63 
831 63 
832 63 
833 63 
834 63 
835 63 
836 63 
837 63 
838 63 
839 63 
840 63 
841 63 
842 63 
843 63 
844 63 
845 63 
846 63 
847 63 
848 63 
849 63 
850 63 
851 63 
852 63 
853 63 
854 63 
855 63 
856 63 
857 63 
858 63 
859 63 
860 63 
861 63 
862 63 
863 63 
864 63 
865 63 
866 63 
867 63 
868 63 
869 63 
870 63 
871 63 
872 63 
873 63 
874 63 
875 63 
876 63 
877 63 
878 63 
879 63 
880 63 
881 63 
882 63 
883 63 
884 63 
885 63 
886 63 
887 63 
888 63 
889 63 
890 63 
891 63 
892 63 
893 63 
894 63 
895 63 
896 63 
897 63 
898 63 
899 63 
900 63 
901 63 
902 63 
903 63 20 24 
904 63 
905 63 904 
906 63 
907 63 
908 63 
909 63 
910 63 
911 63 
912 63 
913 63 
914 63 
915 63 
916 63 
917 63 
918 63 
919 63 
920 63 
921 63 
922 63 
923 63 
924 63 
925 63 
926 63 
927 63 
928 63 
929 63 
930 63 
931 63 
932 63 
933 63 
934 63 
935 63 
936 63 
937 63 
938 63 
939 63 
940 63 
941 63 
942 63 
943 63 
944 63 
945 63 
946 63 
947 63 
948 63 
949 63 
950 63 
951 63 
952 63 
953 63 
954 63 
955 63 
956 63 
957 63 
958 63 
959 63 
960 63 
961 63 
962 63 
963 63 
964 63 
965 63 
966 63 
967 63 
968 63 
969 63 
970 63 969 
971 63 
972 63 
973 63 
974 63 
975 63 974 
976 63 
977 63 
978 63 
979 63 
980 63 
981 63 
982 63 
983 63 
984 63 
985 63 
986 63 
987 63 
988 63 
989 63 
990 63 
991 63 
992 63 
993 63 
994 63 
995 63 
996 63 
997 63 
998 63 
999 63 
1000 63 
1001 63 
1002 63 
1003 63 
1004 63 
1005 63 
1006 63 
1007 63 
1008 63 
1009 63 
1010 63 
1011 63 
1012 63 
1013 63 
1014 63 
1015 63 
1016 63 
1017 63 
1018 63 
1019 63 
1020 63 
1021 63 
1022 63 
1023 63 
1024 63 
1025 63 
1026 63 
1027 63 
1028 63 
1029 63 
1030 63 
1031 63 
1032 63 
1033 63 
1034 63 
1035 63 
1036 63 
1037 63 397 
1038 63 
1039 63 
1040 63 
1041 63 
1042 63 
1043 63 
1044 63 
1045 63 
1046 63 
1047 63 
1048 63 
1049 63 
1050 63 
1051 63 
1052 63 
1053 63 
1054 63 
1055 63 
1056 63 
1057 63 
1058 63 
1059 63 
1060 63 
1061 63 
1062 63 
1063 63 
1064 63 
1065 63 
1066 63 
1067 63 
1068 63 
1069 63 
1070 63 
1071 63 
1072 63 
1073 63 
1074 63 
1075 63 
1076 63 
1077 63 
1078 63 9 
1079 63 
1080 63 
1081 63 
1082 63 
1083 63 
1084 63 
1085 63 
1086 63 
1087 63 
1088 63 
1089 63 
1090 63 
1091 63 
1092 63 
1093 63 
1094 63 
1095 63 
1096 63 
1097 63 1096 
1098 63 
1099 63 
1100 63 
1101 63 
1102 63 
1103 63 
1104 63 
1105 63 
1106 63 
1107 63 
1108 63 
1109 63 
1110 63 
1111 63 
1112 63 
1113 63 
1114 63 
1115 63 
1116 63 
1117 63 
1118 63 
1119 63 
1120 63 
1121 63 
1122 63 
1123 63 
1124 63 
1125 63 
1126 63 
1127 63 
1128 63 
1129 63 
1130 63 
1131 63 
1132 63 
1133 63 
1134 63 
1135 63 
1136 63 
1137 63 
1138 63 
1139 63 
1140 63 
1141 63 
1142 63 
1143 63 
1144 63 
1145 63 
1146 63 
1147 63 
1148 63 
1149 63 
1150 63 
1151 63 
1152 63 
1153 63 
1154 63 
1155 63 
1156 63 
1157 63 
1158 63 
1159 63 
1160 63 
1161 63 
1162 63 
1163 63 
1164 63 
1165 63 
1166 63 
1167 63 
1168 63 
1169 63 
1170 63 
1171 63 
1172 63 
1173 63 
1174 63 
1175 63 
1176 63 
1177 63 
1178 63 
1179 63 
1180 63 
1181 63 
1182 63 
1183 63 
1184 63 
1185 63 
1186 63 
1187 63 
1188 63 
1189 63 
1190 63 
1191 63 
1192 63 
1193 63 
1194 63 
1195 63 
1196 63 
1197 63 
1198 63 
1199 63 
1200 63 
1201 63 
1202 63 
1203 63 
1204 63 
1205 63 
1206 63 
1207 63 
1208 63 
1209 63 
1210 63 
1211 63 
1212 63 
1213 63 41 
1214 63 
1215 63 
1216 63 1215 
1217 63 
1218 63 
1219 63 
1220 63 
1221 63 
1222 63 
1223 63 
1224 63 
1225 63 
1226 63 
1227 63 
1228 63 
1229 63 
1230 63 
1231 63 
1232 63 
1233 63 
1234 63 
1235 63 
1236 63 
1237 63 
1238 63 
1239 63 
1240 63 
1241 63 
1242 63 
1243 63 
1244 63 
1245 63 
1246 63 
1247 63 
1248 63 
1249 63 
1250 63 
1251 63 
1252 63 
1253 63 
1254 63 
1255 63 1254 
1256 63 
1257 63 
1258 63 
1259 63 
1260 63 
1261 63 
1262 63 
1263 63 
1264 63 
1265 63 
1266 63 
1267 63 
1268 63 
1269 63 
1270 63 
1271 63 
1272 63 
1273 63 
1274 63 
1275 63 
1276 63 
1277 63 
1278 63 
1279 63 
1280 63 
1281 63 
1282 63 
1283 63 
1284 63 
1285 63 
1286 63 
1287 63 
1288 63 
1289 63 
1290 63 116 
1291 63 
1292 63 1291 
1293 63 
1294 63 
1295 63 
1296 63 
1297 63 
1298 63 
1299 63 
1300 63 
1301 63 
1302 63 
1303 63 
1304 63 
1305 63 
1306 63 
1307 63 
1308 63 
1309 63 
1310 63 
1311 63 
1312 63 
1313 63 
1314 63 
1315 63 
1316 63 
1317 63 
1318 63 
1319 63 
1320 63 
1321 63 
1322 63 
1323 63 
1324 63 
1325 63 
1326 63 
1327 63 1326 
1328 63 
1329 63 
1330 63 
1331 63 
1332 63 
1333 63 
1334 63 
1335 63 
1336 63 
1337 63 
1338 63 
1339 63 
1340 63 
1341 63 
1342 63 
1343 63 
1344 63 
1345 63 
1346 63 
1347 63 
1348 63 
1349 63 
1350 63 
1351 63 
1352 63 
1353 63 
1354 63 
1355 63 
1356 63 
1357 63 
1358 63 
1359 63 
1360 63 
1361 63 
1362 63 
1363 63 
1364 63 
1365 63 
1366 63 
1367 63 
1368 63 
1369 63 
1370 63 
1371 63 
1372 63 
1373 63 
1374 63 
1375 63 
1376 63 
1377 63 
1378 63 
1379 63 
1380 63 
1381 63 
1382 63 
1383 63 
1384 63 
1385 63 
1386 63 
1387 63 
1388 63 
1389 63 
1390 63 
1391 63 
1392 63 
1393 63 
1394 63 
1395 63 
1396 63 
1397 63 
1398 63 
1399 63 
1400 63 
1401 63 
1402 63 
1403 63 
1404 63 
1405 63 
1406 63 
1407 63 
1408 63 
1409 63 
1410 63 
1411 63 
1412 63 
1413 63 
1414 63 
1415 63 
1416 63 
1417 63 
1418 63 
1419 63 
1420 63 
1421 63 
1422 63 
1423 63 
1424 63 
1425 63 
1426 63 
1427 63 
1428 63 
1429 63 
1430 63 
1431 63 
1432 63 
1433 63 
1434 63 
1435 63 
1436 63 
1437 63 
1438 63 
1439 63 
1440 63 
1441 63 
1442 63 
1443 63 
1444 63 
1445 63 
1446 63 
1447 63 
1448 63 
1449 63 
1450 63 
1451 63 
1452 63 
1453 63 
1454 63 
1455 63 
1456 63 
1457 63 
1458 63 
1459 63 
1460 63 
1461 63 
1462 63 
1463 63 
1464 63 
1465 63 
1466 63 
1467 63 
1468 63 
1469 63 
1470 63 
1471 63 
1472 63 
1473 63 
1474 63 
1475 63 1474 
1476 63 
1477 63 
1478 63 
1479 63 
1480 63 
1481 63 
1482 63 
1483 63 
1484 63 
1485 63 
1486 63 
1487 63 
1488 63 
1489 63 
1490 63 
1491 63 
1492 63 
1493 63 
1494 63 
1495 63 
1496 63 
1497 63 
1498 63 
1499 63 
1500 63 
1501 63 
1502 63 
1503 63 
1504 63 
1505 63 
1506 63 
1507 63 
1508 63 
1509 63 
1510 63 
1511 63 
1512 63 
1513 63 
1514 63 
1515 63 
1516 63 
1517 63 
1518 63 
1519 63 
1520 63 
1521 63 
1522 63 
1523 63 
1524 63 
1525 63 
1526 63 
1527 63 
1528 63 
1529 63 
1530 63 
1531 63 
1532 63 
1533 63 447 
1534 63 
1535 63 
1536 63 
1537 63 1536 
1538 63 
1539 63 
1540 63 
1541 63 
1542 63 
1543 63 
1544 63 
1545 63 34 
1546 63 
1547 63 1546 
1548 63 
1549 63 
1550 63 
1551 63 
1552 63 
1553 63 
1554 63 
1555 63 
1556 63 
1557 63 
1558 63 
1559 63 
1560 63 
1561 63 
1562 63 
1563 63 
1564 63 
1565 63 
1566 63 
1567 63 
1568 63 
1569 63 
1570 63 
1571 63 
1572 63 
1573 63 
1574 63 
1575 63 
1576 63 
1577 63 
1578 63 
1579 63 
1580 63 
1581 63 
1582 63 
1583 63 
1584 63 
1585 63 
1586 63 
1587 63 
1588 63 
1589 63 
1590 63 
1591 63 
1592 63 
1593 63 
1594 63 
1595 63 
1596 63 
1597 63 
1598 63 
1599 63 
1600 63 1345 
1601 63 
1602 63 
1603 63 
1604 63 
1605 63 
1606 63 
1607 63 
1608 63 
1609 63 
1610 63 
1611 63 
1612 63 
1613 63 
1614 63 
1615 63 
1616 63 
1617 63 
1618 63 458 
1619 63 
1620 63 
1621 63 
1622 63 
1623 63 
1624 63 
1625 63 
1626 63 
1627 63 
1628 63 
1629 63 
1630 63 
1631 63 
1632 63 
1633 63 
1634 63 
1635 63 
1636 63 
1637 63 
1638 63 
1639 63 1639 
1640 63 1639 
1641 63 1639 
1642 63 
1643 63 
1644 63 
1645 63 
1646 63 
1647 63 
1648 63 
1649 63 
1650 63 1649 
1651 63 1649 
1652 63 
1653 63 
1654 63 1654 
1655 63 1654 
1656 63 
1657 63 
1658 63 
1659 63 1658 
1660 63 
1661 63 
1662 63 
1663 63 
1664 63 
1665 63 
1666 63 
1667 63 
1668 63 4 
1669 63 
1670 63 
1671 63 
1672 63 
1673 63 
1674 63 
1675 63 
1676 63 
1677 63 
1678 63 
1679 63 13 15 
1680 63 
1681 63 
1682 63 
1683 63 
1684 63 
1685 63 
1686 63 
1687 63 
1688 63 
1689 63 
1690 63 
1691 63 
1692 63 
1693 63 
1694 63 
1695 63 
1696 63 
1697 63 
1698 63 
1699 63 
1700 63 
1701 63 
1702 63 
1703 63 
1704 63 
1705 63 1704 
1706 63 
1707 63 37 38 
1708 63 
1709 63 
1710 63 
1711 63 
1712 63 
1713 63 
1714 63 
1715 63 
1716 63 
1717 63 
1718 63 
1719 63 
1720 63 
1721 63 
1722 63 
1723 63 
1724 63 
1725 63 
1726 63 
1727 63 
1728 63 
1729 63 
1730 63 
1731 63 
1732 63 
1733 63 
1734 63 
1735 63 
1736 63 
1737 63 
1738 63 
1739 63 
1740 63 
1741 63 
1742 63 
1743 63 
1744 63 
1745 63 
1746 63 
1747 63 
1748 63 
1749 63 
1750 63 
1751 63 1750 
1752 63 
1753 63 1649 
1754 63 116 
1755 63 
1756 63 
1757 63 
1758 63 
1759 63 
1760 63 
1761 63 1338 
1762 63 
1763 63 
1764 63 1484 
1765 63 
1766 63 
1767 63 
1768 63 
1769 63 
1770 63 
1771 63 
1772 63 
1773 63 
1774 63 
1775 63 
1776 63 
1777 63 
1778 63 
1779 63 
1780 63 
1781 63 
1782 63 
1783 63 
1784 63 
1785 63 
1786 63 
1787 63 
1788 63 
1789 63 1788 
1790 63 
1791 63 
1792 63 
1793 63 
1794 63 
1795 63 
1796 63 
1797 63 
1798 63 
1799 63 1798 
1800 63 
1801 63 
1802 63 
1803 63 
1804 63 
1805 63 
1806 63 
1807 63 25 
1808 63 
1809 63 
1810 63 
1811 63 
1812 63 
1813 63 
1814 63 
1815 63 
1816 63 
1817 63 
1818 63 
1819 63 
1820 63 
1821 63 
1822 63 
1823 63 
1824 63 
1825 63 
1826 63 
1827 63 
1828 63 
1829 63 
1830 63 
1831 63 
1832 63 
1833 63 
1834 63 
1835 63 
1836 63 
1837 63 
1838 63 
1839 63 
1840 63 1839 
1841 63 
1842 63 
1843 63 
1844 63 606 
1845 63 
1846 63 
1847 63 
1848 63 
1849 63 
1850 63 
1851 63 
1852 63 
1853 63 
1854 63 
1855 63 
1856 63 
1857 63 
1858 63 
1859 63 
1860 63 
1861 63 
1862 63 
1863 63 
1864 63 
1865 63 
1866 63 
1867 63 
1868 63 
1869 63 
1870 63 1870 
1871 63 1870 
1872 63 1870 
1873 63 1870 
1874 63 1870 
1875 63 1870 
1876 63 1870 
1877 63 1870 
1878 63 1870 
1879 63 1870 
1880 63 1870 
1881 63 
1882 63 1023 
1883 63 
1884 63 
1885 63 
1886 63 
1887 63 
1888 63 3 
1889 63 
1890 63 
1891 63 46 47 
1892 63 
1893 63 1892 
1894 63 
1895 63 
1896 63 
1897 63 
1898 63 
1899 63 
1900 63 
1901 63 
1902 63 
1903 63 
1904 63 32 
1905 63 
1906 63 
1907 63 
1908 63 
1909 63 
1910 63 
1911 63 
1912 63 
1913 63 
1914 63 
1915 63 1914 
1916 63 
1917 63 
1918 63 
1919 63 36 
1920 63 
1921 63 
1922 63 
1923 63 
1924 63 
1925 63 
1926 63 
1927 63 
1928 63 
1929 63 
1930 63 
1931 63 
1932 63 
1933 63 
1934 63 
1935 63 
1936 63 
1937 63 
1938 63 
1939 63 
1940 63 
1941 63 
1942 63 
1943 63 
1944 63 
1945 63 
1946 63 
1947 63 
1948 63 
1949 63 1050 
1950 63 
1951 63 
1952 63 
1953 63 
1954 63 
1955 63 1954 
1956 63 
1957 63 
1958 63 
1959 63 
1960 63 
1961 63 1960 
1962 63 
1963 63 
1964 63 
1965 63 
1966 63 
1967 63 
1968 63 
1969 63 
1970 63 
1971 63 
1972 63 
1973 63 
1974 63 
1975 63 
1976 63 
1977 63 
1978 63 1977 
1979 63 
1980 63 
1981 63 
1982 63 
1983 63 
1984 63 
1985 63 1985 
1986 63 
1987 63 
1988 63 
1989 63 
1990 63 
1991 63 
1992 63 
1993 63 
1994 63 1649 
1995 63 
1996 63 
1997 63 
1998 63 
1999 63 
2000 63 
2001 63 50 
2002 63 
2003 63 
2004 63 
2005 63 
2006 63 
2007 63 2006 
2008 63 
2009 63 
2010 63 
2011 63 
2012 63 
2013 63 
2014 63 
2015 63 
2016 63 2015 
2017 63 
2018 63 
2019 63 
2020 63 
2021 63 
2022 63 
2023 63 
2024 63 
2025 63 
2026 63 
2027 63 
2028 63 
2029 63 2028 
2030 63 
2031 63 2030 
2032 63 
2033 63 
2034 63 
2035 63 
2036 63 
2037 63 
2038 63 
2039 63 
2040 63 2039 
2041 63 
2042 63 
2043 63 
2044 63 
2045 63 
2046 63 
2047 63 
2048 63 
2049 63 
2050 63 
2051 63 
2052 63 
2053 63 
2054 63 
2055 63 
2056 63 
2057 63 1185 
2058 63 
2059 63 
2060 63 
2061 63 
2062 63 
2063 63 2062 
2064 63 
2065 63 
2066 63 
2067 63 
2068 63 
2069 63 
2070 63 
2071 63 
2072 63 
2073 63 
2074 63 
2075 63 
2076 63 
2077 63 
2078 63 
2079 63 
2080 63 
2081 63 2080 
2082 63 
2083 63 
2084 63 
2085 63 
2086 63 
2087 63 
2088 63 
2089 63 
2090 63 
2091 63 
2092 63 
2093 63 
2094 63 
2095 63 
2096 63 
2097 63 
2098 63 
2099 63 
2100 63 
2101 63 
2102 63 
2103 63 
2104 63 
2105 63 
2106 63 
2107 63 
2108 63 
2109 63 
2110 63 
2111 63 
2112 63 
2113 63 
2114 63 
2115 63 
2116 63 
2117 63 
2118 63 
2119 63 
2120 63 
2121 63 
2122 63 41 
2123 63 
2124 63 
2125 63 
2126 63 
2127 63 
2128 63 
2129 63 
2130 63 
2131 63 50 2131 
2132 63 50 2131 
2133 63 
2134 63 
2135 63 
2136 63 
2137 63 
2138 63 
2139 63 
2140 63 
2141 63 
2142 63 56 
2143 63 
2144 63 
2145 63 
2146 63 1511 
2147 63 
2148 63 50 51 
2149 63 
2150 63 
2151 63 
2152 63 
2153 63 
2154 63 
2155 63 
2156 63 
2157 63 
2158 63 
2159 63 
2160 63 
2161 63 
2162 63 2161 
2163 63 
2164 63 
2165 63 
2166 63 
2167 63 
2168 63 
2169 63 
2170 63 
2171 63 
2172 63 
2173 63 
2174 63 
2175 63 
2176 63 
2177 63 
2178 63 
2179 63 
2180 63 
2181 63 
2182 63 2181 
2183 63 
2184 63 
2185 63 
2186 63 
2187 63 
2188 63 
2189 63 
2190 63 
2191 63 
2192 63 
2193 63 
2194 63 
2195 63 
2196 63 
2197 63 
2198 63 
2199 63 
2200 63 
2201 63 
2202 63 
2203 63 
2204 63 
2205 63 
2206 63 
2207 63 2206 
2208 63 2206 
2209 63 2206 
2210 63 2210 
2211 63 2210 
2212 63 
2213 63 
2214 63 
2215 63 
2216 63 
2217 63 
2218 63 
2219 63 
2220 63 
2221 63 
2222 63 
2223 63 
2224 63 
2225 63 
2226 63 
2227 63 
2228 63 
2229 63 
2230 63 
2231 63 
2232 63 
2233 63 
2234 63 
2235 63 
2236 63 
2237 63 
2238 63 
2239 63 
2240 63 
2241 63 
2242 63 
2243 63 
2244 63 
2245 63 
2246 63 
2247 63 
2248 63 
2249 63 
2250 63 
2251 63 
2252 63 
2253 63 
2254 63 
2255 63 
2256 63 
2257 63 
2258 63 
2259 63 
2260 63 
2261 63 
2262 63 
2263 63 2262 
2264 63 
2265 63 
2266 63 
2267 63 
2268 63 13 
2269 63 
2270 63 
2271 63 
2272 63 
2273 63 
2274 63 
2275 63 
2276 63 
2277 63 
2278 63 
2279 63 
2280 63 
2281 63 
2282 63 
2283 63 1781 
2284 63 
2285 63 
2286 63 
2287 63 
2288 63 
2289 63 
2290 63 
2291 63 
2292 63 
2293 63 
2294 63 
2295 63 
2296 63 
2297 63 
2298 63 
2299 63 
2300 63 
2301 63 
2302 63 
2303 63 2302 
2304 63 
2305 63 
2306 63 
2307 63 
2308 63 2308 
2309 63 
2310 63 
2311 63 58 
2312 63 
2313 63 
2314 63 
2315 63 
2316 63 
2317 63 
2318 63 
2319 63 
2320 63 
2321 63 
2322 63 
2323 63 
2324 63 
2325 63 2324 
2326 63 
2327 63 
2328 63 
2329 63 
2330 63 
2331 63 
2332 63 13 15 
2333 63 
2334 63 
2335 63 
2336 63 
2337 63 
2338 63 
2339 63 
2340 63 
2341 63 
2342 63 
2343 63 
2344 63 
2345 63 
2346 63 
2347 63 
2348 63 
2349 63 
2350 63 2349 
2351 63 2349 
2352 63 56 
2353 63 
2354 63 
2355 63 
2356 63 
2357 63 
2358 63 
2359 63 
2360 63 
2361 63 
2362 63 
2363 63 
2364 63 
2365 63 
2366 63 
2367 63 
2368 63 
2369 63 
2370 63 
2371 63 
2372 63 1930 
2373 63 
2374 63 
2375 63 
2376 63 2375 
2377 63 
2378 63 
2379 63 
2380 63 
2381 63 
2382 63 
2383 63 
2384 63 
2385 63 
2386 63 
2387 63 
2388 63 
2389 63 
2390 63 
2391 63 
2392 63 
2393 63 
2394 63 
2395 63 2394 
2396 63 
2397 63 
2398 63 
2399 63 
2400 63 
2401 63 
2402 63 96 
2403 63 
2404 63 
2405 63 
2406 63 
2407 63 
2408 63 
2409 63 
2410 63 
2411 63 
2412 63 
2413 63 
2414 63 
2415 63 
2416 63 
2417 63 
2418 63 
2419 63 
2420 63 
2421 63 
2422 63 
2423 63 
2424 63 13 15 
2425 63 
2426 63 
2427 63 
2428 63 
2429 63 2428 
2430 63 
2431 63 
2432 63 
2433 63 
2434 63 
2435 63 
2436 63 
2437 63 
2438 63 
2439 63 
2440 63 
2441 63 
2442 63 
2443 63 
2444 63 
2445 63 
2446 63 
2447 63 
2448 63 
2449 63 
2450 63 
2451 63 
2452 63 
2453 63 
2454 63 
2455 63 
2456 63 
2457 63 2457 
2458 63 
2459 63 
2460 63 
2461 63 2080 
2462 63 
2463 63 
2464 63 
2465 63 
2466 63 
2467 63 
2468 63 
2469 63 
2470 63 
2471 63 
2472 63 
2473 63 
2474 63 
2475 63 
2476 63 
2477 63 
2478 63 
2479 63 
2480 63 
2481 63 
2482 63 
2483 63 
2484 63 
2485 63 
2486 63 
2487 63 13 14 
2488 63 
2489 63 43 
2490 63 
2491 63 
2492 63 
2493 63 
2494 63 
2495 63 
2496 63 
2497 63 
2498 63 
2499 63 
2500 63 
2501 63 2500 
2502 63 
2503 63 2502 
2504 63 
2505 63 
2506 63 
2507 63 
2508 63 
2509 63 
2510 63 
2511 63 
2512 63 
2513 63 
2514 63 
2515 63 2080 
2516 63 
2517 63 
2518 63 
2519 63 
2520 63 
2521 63 
2522 63 
2523 63 
2524 63 
2525 63 
2526 63 
2527 63 
2528 63 2072 
2529 63 
2530 63 
2531 63 
2532 63 
2533 63 
2534 63 
2535 63 
2536 63 
2537 63 
2538 63 
2539 63 
2540 63 
2541 63 
2542 63 
2543 63 
2544 63 
2545 63 
2546 63 36 
2547 63 
2548 63 
2549 63 
2550 63 
2551 63 
2552 63 
2553 63 
2554 63 
2555 63 
2556 63 
2557 63 
2558 63 
2559 63 
2560 63 
2561 63 
2562 63 
2563 63 2562 
2564 63 
2565 63 
2566 63 
2567 63 
2568 63 
2569 63 
2570 63 
2571 63 
2572 63 
2573 63 
2574 63 
2575 63 
2576 63 
2577 63 
2578 63 2577 
2579 63 
2580 63 2349 
2581 63 
2582 63 
2583 63 
2584 63 
2585 63 
2586 63 
2587 63 
2588 63 
2589 63 
2590 63 
2591 63 2591 
2592 63 1704 
2593 63 
2594 63 
2595 63 
2596 63 
2597 63 
2598 63 
2599 63 
2600 63 
2601 63 
2602 63 
2603 63 
2604 63 
2605 63 
2606 63 1158 
2607 63 
2608 63 2607 
2609 63 2607 
2610 63 
2611 63 
2612 63 
2613 63 
2614 63 
2615 63 
2616 63 
2617 63 
2618 63 
2619 63 
2620 63 
2621 63 
2622 63 
2623 63 
2624 63 
2625 63 2624 
2626 63 
2627 63 
2628 63 
2629 63 
2630 63 
2631 63 
2632 63 
2633 63 
2634 63 
2635 63 2634 
2636 63 
2637 63 
2638 63 
2639 63 
2640 63 
2641 63 
2642 63 
2643 63 
2644 63 
2645 63 
2646 63 
2647 63 
2648 63 
2649 63 
2650 63 
2651 63 
2652 63 
2653 63 
2654 63 
2655 63 
2656 63 58 
2657 63 
2658 63 
2659 63 
2660 63 
2661 63 
2662 63 
2663 63 
2664 63 
2665 63 
2666 63 
2667 63 2161 2666 
2668 63 
2669 63 
2670 63 
2671 63 
2672 63 
2673 63 
2674 63 
2675 63 
2676 63 
2677 63 
2678 63 
2679 63 
2680 63 
2681 63 
2682 63 1186 
2683 63 
2684 63 2683 
2685 63 
2686 63 
2687 63 
2688 63 
2689 63 
2690 63 
2691 63 
2692 63 
2693 63 
2694 63 
2695 63 1462 
2696 63 
2697 63 
2698 63 
2699 63 
2700 63 
2701 63 
2702 63 
2703 63 
2704 63 
2705 63 
2706 63 
2707 63 
2708 63 
2709 63 
2710 63 
2711 63 2710 
2712 63 
2713 63 
2714 63 
2715 63 
2716 63 
2717 63 
2718 63 
2719 63 
2720 63 
2721 63 50 2131 
2722 63 
2723 63 
2724 63 
2725 63 
2726 63 
2727 63 
2728 63 
2729 63 
2730 63 
2731 63 
2732 63 
2733 63 
2734 63 
2735 63 
2736 63 
2737 63 2736 
2738 63 
2739 63 
2740 63 
2741 63 
2742 63 2741 
2743 63 
2744 63 
2745 63 
2746 63 
2747 63 
2748 63 
2749 63 
2750 63 2302 
2751 63 
2752 63 
2753 63 
2754 63 
2755 63 
2756 63 56 
2757 63 
2758 63 
2759 63 
2760 63 
2761 63 
2762 63 
2763 63 
2764 63 
2765 63 
2766 63 
2767 63 
2768 63 
2769 63 
2770 63 
2771 63 
2772 63 
2773 63 
2774 63 
2775 63 
2776 63 
2777 63 
2778 63 2111 
2779 63 
2780 63 
2781 63 
2782 63 
2783 63 
2784 63 
2785 63 
2786 63 
2787 63 
2788 63 
2789 63 
2790 63 
2791 63 
2792 63 
2793 63 2792 
2794 63 
2795 63 
2796 63 
2797 63 
2798 63 18 
2799 63 
2800 63 
2801 63 
2802 63 
2803 63 
2804 63 
2805 63 
2806 63 
2807 63 2806 
2808 63 
2809 63 
2810 63 2161 
2811 63 
2812 63 
2813 63 1928 
2814 63 
2815 63 
2816 63 
2817 63 
2818 63 
2819 63 
2820 63 
2821 63 9 10 
2822 63 56 
2823 63 
2824 63 
2825 63 
2826 63 
2827 63 
2828 63 
2829 63 
2830 63 
2831 63 
2832 63 
2833 63 
2834 63 
2835 63 
2836 63 1096 
2837 63 
2838 63 
2839 63 
2840 63 
2841 63 
2842 63 2841 
2843 63 2469 
2844 63 
2845 63 
2846 63 
2847 63 
2848 63 
2849 63 
2850 63 
2851 63 
2852 63 
2853 63 
2854 63 
2855 63 
2856 63 
2857 63 
2858 63 
2859 63 
2860 63 2514 
2861 63 2086 
2862 63 
2863 63 
2864 63 
2865 63 2864 
2866 63 2864 
2867 63 
2868 63 
2869 63 2841 
2870 63 
2871 63 
2872 63 
2873 63 
2874 63 2135 
2875 63 
2876 63 
2877 63 
2878 63 
2879 63 
2880 63 2864 
2881 63 
2882 63 
2883 63 2882 
2884 63 
2885 63 
2886 63 
2887 63 
2888 63 
2889 63 
2890 63 
2891 63 
2892 63 
2893 63 
2894 63 
2895 63 
2896 63 
2897 63 
2898 63 
2899 63 32 
2900 63 
2901 63 32 
2902 63 
2903 63 
2904 63 
2905 63 
2906 63 
2907 63 
2908 63 
2909 63 
2910 63 2909 
2911 63 
2912 63 2911 
2913 63 
2914 63 2913 
2915 63 
2916 63 60 
2917 63 
2918 63 
2919 63 
2920 63 2919 
2921 63 2919 
2922 63 2919 
2923 63 2864 
2924 63 
2925 63 
2926 63 116 
2927 63 
2928 63 
2929 63 
2930 63 2930 
2931 63 
2932 63 
2933 63 
2934 63 
2935 63 
2936 63 
2937 63 
2938 63 
2939 63 
2940 63 
2941 63 
2942 63 
2943 63 
2944 63 
2945 63 
2946 63 
2947 63 
2948 63 
2949 63 2080 
2950 63 
2951 63 
2952 63 2952 
2953 63 
2954 63 
2955 63 
2956 63 
2957 63 2956 
2958 63 
2959 63 
2960 63 
2961 63 
2962 63 
2963 63 
2964 63 
2965 63 
2966 63 
2967 63 
2968 63 
2969 63 
2970 63 
2971 63 
2972 63 
2973 63 
2974 63 
2975 63 
2976 63 
2977 63 
2978 63 
2979 63 
2980 63 
2981 63 
2982 63 
2983 63 
2984 63 
2985 63 
2986 63 
2987 63 
2988 63 
2989 63 
2990 63 
2991 63 
2992 63 
2993 63 2992 
2994 63 
2995 63 2995 
2996 63 
2997 63 9 10 
2998 63 
2999 63 
3000 63 
3001 63 
3002 63 
3003 63 
3004 63 
3005 63 
3006 63 
3007 63 
3008 63 
3009 63 
3010 63 
3011 63 
3012 63 
3013 63 
3014 63 
3015 63 
3016 63 
3017 63 
3018 63 
3019 63 
3020 63 
3021 63 
3022 63 
3023 63 
3024 63 
3025 63 
3026 63 
3027 63 
3028 63 
3029 63 
3030 63 
3031 63 
3032 63 7 3032 
3033 63 
3034 63 
3035 63 46 47 
3036 63 
3037 63 
3038 63 
3039 63 
3040 63 
3041 63 
3042 63 
3043 63 
3044 63 
3045 63 
3046 63 
3047 63 3047 
3048 63 
3049 63 
3050 63 
3051 63 1 
3052 63 
3053 63 
3054 63 
3055 63 116 
3056 63 
3057 63 
3058 63 
3059 63 
3060 63 
3061 63 
3062 63 
3063 63 
3064 63 
3065 63 
3066 63 
3067 63 
3068 63 
3069 63 3068 
3070 63 3070 
3071 63 3070 
3072 63 3068 
3073 63 3068 
3074 63 
3075 63 
3076 63 2228 
3077 63 
3078 63 
3079 63 
3080 63 
3081 63 
3082 63 
3083 63 
3084 63 
3085 63 
3086 63 
3087 63 
3088 63 
3089 63 
3090 63 
3091 63 
3092 63 
3093 63 
3094 63 3093 
3095 63 
3096 63 
3097 63 
3098 63 
3099 63 
3100 63 
3101 63 
3102 63 
3103 63 2161 3102 
3104 63 
3105 63 
3106 63 
3107 63 
3108 63 
3109 63 
3110 63 
3111 63 
3112 63 
3113 63 
3114 63 
3115 63 
3116 63 
3117 63 397 
3118 63 
3119 63 
3120 63 
3121 63 
3122 63 
3123 63 
3124 63 
3125 63 
3126 63 
3127 63 
3128 63 
3129 63 
3130 63 
3131 63 
3132 63 3131 
3133 63 
3134 63 
3135 63 
3136 63 
3137 63 
3138 63 
3139 63 
3140 63 
3141 63 
3142 63 
3143 63 
3144 63 
3145 63 
3146 63 
3147 63 
3148 63 
3149 63 
3150 63 
3151 63 
3152 63 
3153 63 
3154 63 
3155 63 
3156 63 
3157 63 
3158 63 
3159 63 
3160 63 96 
3161 63 
3162 63 
3163 63 3163 
3164 63 
3165 63 
3166 63 
3167 63 
3168 63 
3169 63 
3170 63 
3171 63 
3172 63 
3173 63 
3174 63 
3175 63 
3176 63 
3177 63 
3178 63 
3179 63 
3180 63 
3181 63 
3182 63 
3183 63 
3184 63 
3185 63 2788 
3186 63 
3187 63 
3188 63 1096 
3189 63 
3190 63 
3191 63 
3192 63 
3193 63 
3194 63 
3195 63 
3196 63 
3197 63 
3198 63 
3199 63 44 
3200 63 
3201 63 
3202 63 
3203 63 
3204 63 
3205 63 
3206 63 
3207 63 3206 
3208 63 3206 
3209 63 
3210 63 
3211 63 
3212 63 
3213 63 
3214 63 
3215 63 
3216 63 
3217 63 
3218 63 2919 
3219 63 1930 
3220 63 
3221 63 
3222 63 
3223 63 
3224 63 
3225 63 
3226 63 
3227 63 
3228 63 
3229 63 
3230 63 1 
3231 63 
3232 63 
3233 63 
3234 63 349 
3235 63 
3236 63 
3237 63 3236 
3238 63 
3239 63 
3240 63 
3241 63 
3242 63 
3243 63 3242 
3244 63 
3245 63 
3246 63 
3247 63 
3248 63 3000 
3249 63 
3250 63 
3251 63 
3252 63 18 
3253 63 
3254 63 
3255 63 
3256 63 2602 
3257 63 
3258 63 3257 
3259 63 
3260 63 3260 
3261 63 
3262 63 
3263 63 
3264 63 
3265 63 
3266 63 
3267 63 3266 
3268 63 3268 
3269 63 
3270 63 
3271 63 
3272 63 
3273 63 
3274 63 
3275 63 
3276 63 
3277 63 447 
3278 63 
3279 63 
3280 63 
3281 63 
3282 63 
3283 63 
3284 63 
3285 63 
3286 63 
3287 63 
3288 63 2080 
3289 63 
3290 63 
3291 63 37 
3292 63 
3293 63 
3294 63 
3295 63 
3296 63 
3297 63 
3298 63 
3299 63 
3300 63 
3301 63 
3302 63 
3303 63 3302 
3304 63 
3305 63 
3306 63 
3307 63 
3308 63 
3309 63 
3310 63 
3311 63 
3312 63 
3313 63 
3314 63 
3315 63 
3316 63 
3317 63 2117 
3318 63 
3319 63 
3320 63 
3321 63 
3322 63 
3323 63 
3324 63 
3325 63 
3326 63 
3327 63 
3328 63 
3329 63 
3330 63 
3331 63 
3332 63 
3333 63 
3334 63 
3335 63 
3336 63 
3337 63 
3338 63 
3339 63 
3340 63 
3341 63 
3342 63 
3343 63 
3344 63 
3345 63 
3346 63 
3347 63 
3348 63 
3349 63 
3350 63 
3351 63 
3352 63 3351 
3353 63 
3354 63 3309 
3355 63 
3356 63 
3357 63 
3358 63 
3359 63 
3360 63 
3361 63 
3362 63 
3363 63 
3364 63 
3365 63 
3366 63 
3367 63 
3368 63 
3369 63 
3370 63 50 2131 
3371 63 
3372 63 
3373 63 
3374 63 
3375 63 
3376 63 
3377 63 11 900 
3378 63 36 
3379 63 
3380 63 
3381 63 
3382 63 
3383 63 
3384 63 
3385 63 
3386 63 
3387 63 
3388 63 
3389 63 
3390 63 3389 
3391 63 
3392 63 
3393 63 3393 
3394 63 
3395 63 
3396 63 
3397 63 
3398 63 
3399 63 
3400 63 
3401 63 
3402 63 
3403 63 
3404 63 
3405 63 
3406 63 
3407 63 
3408 63 
3409 63 
3410 63 
3411 63 
3412 63 
3413 63 
3414 63 
3415 63 41 
3416 63 
3417 63 
3418 63 
3419 63 
3420 63 
3421 63 
3422 63 
3423 63 
3424 63 
3425 63 
3426 63 
3427 63 
3428 63 2349 
3429 63 
3430 63 
3431 63 
3432 63 
3433 63 
3434 63 
3435 63 37 
3436 63 
3437 63 
3438 63 
3439 63 
3440 63 
3441 63 
3442 63 
3443 63 
3444 63 68 
3445 63 
3446 63 
3447 63 
3448 63 3447 
3449 63 1546 
3450 63 
3451 63 2087 
3452 63 
3453 63 
3454 63 
3455 63 
3456 63 
3457 63 
3458 63 3457 
3459 63 3457 
3460 63 
3461 63 
3462 63 
3463 63 
3464 63 
3465 63 
3466 63 
3467 63 41 
3468 63 
3469 63 
3470 63 
3471 63 
3472 63 
3473 63 
3474 63 
3475 63 
3476 63 
3477 63 
3478 63 
3479 63 
3480 63 
3481 63 
3482 63 
3483 63 
3484 63 
3485 63 
3486 63 
3487 63 
3488 63 
3489 63 
3490 63 
3491 63 
3492 63 
3493 63 
3494 63 
3495 63 
3496 63 
3497 63 
3498 63 
3499 63 
3500 63 
3501 63 
3502 63 
3503 63 
3504 63 3148 
3505 63 
3506 63 
3507 63 
3508 63 
3509 63 
3510 63 2457 
3511 63 
3512 63 
3513 63 
3514 63 
3515 63 
3516 63 
3517 63 
3518 63 
3519 63 
3520 63 
3521 63 
3522 63 27 
3523 63 
3524 63 
3525 63 
3526 63 
3527 63 
3528 63 
3529 63 
3530 63 
3531 63 
3532 63 
3533 63 
3534 63 
3535 63 
3536 63 
3537 63 37 38 
3538 63 
3539 63 
3540 63 
3541 63 
3542 63 
3543 63 
3544 63 
3545 63 
3546 63 37 
3547 63 2242 
3548 63 
3549 63 
3550 63 
3551 63 1424 
3552 63 
3553 63 
3554 63 
3555 63 
3556 63 37 3555 
3557 63 
3558 63 
3559 63 
3560 63 
3561 63 2621 
3562 63 
3563 63 
3564 63 
3565 63 
3566 63 
3567 63 
3568 63 
3569 63 
3570 63 
3571 63 
3572 63 
3573 63 
3574 63 
3575 63 
3576 63 3576 
3577 63 
3578 63 3577 
3579 63 
3580 63 
3581 63 
3582 63 
3583 63 
3584 63 
3585 63 
3586 63 
3587 63 
3588 63 
3589 63 
3590 63 
3591 63 
3592 63 3591 
3593 63 3591 
3594 63 3591 18 2365 
3595 63 3591 
3596 63 
3597 63 
3598 63 
3599 63 
3600 63 
3601 63 
3602 63 
3603 63 
3604 63 
3605 63 
3606 63 
3607 63 
3608 63 3607 
3609 63 
3610 63 
3611 63 
3612 63 
3613 63 
3614 63 
3615 63 
3616 63 
3617 63 
3618 63 
3619 63 
3620 63 
3621 63 46 47 2955 
3622 63 
3623 63 
3624 63 2302 
3625 63 
3626 63 
3627 63 
3628 63 
3629 63 
3630 63 
3631 63 
3632 63 
3633 63 
3634 63 
3635 63 
3636 63 
3637 63 
3638 63 
3639 63 
3640 63 
3641 63 
3642 63 
3643 63 
3644 63 
3645 63 
3646 63 
3647 63 
3648 63 
3649 63 3649 
3650 63 3649 
3651 63 3649 
3652 63 3649 
3653 63 3649 
3654 63 
3655 63 
3656 63 
3657 63 
3658 63 
3659 63 
3660 63 
3661 63 
3662 63 3649 3653 
3663 63 
3664 63 
3665 63 
3666 63 
3667 63 
3668 63 
3669 63 
3670 63 
3671 63 3465 
3672 63 
3673 63 1304 
3674 63 
3675 63 3674 
3676 63 
3677 63 
3678 63 
3679 63 
3680 63 3457 3679 
3681 63 1639 
3682 63 
3683 63 
3684 63 
3685 63 
3686 63 
3687 63 
3688 63 
3689 63 
3690 63 
3691 63 
3692 63 
3693 63 
3694 63 
3695 63 
3696 63 
3697 63 
3698 63 
3699 63 
3700 63 
3701 63 
3702 63 
3703 63 
3704 63 
3705 63 
3706 63 
3707 63 
3708 63 
3709 63 
3710 63 3710 
3711 63 
3712 63 
3713 63 
3714 63 1096 
3715 63 
3716 63 
3717 63 
3718 63 
3719 63 
3720 63 
3721 63 
3722 63 
3723 63 
3724 63 1704 
3725 63 
3726 63 
3727 63 
3728 63 
3729 63 
3730 63 
3731 63 60 
3732 63 
3733 63 3525 
3734 63 
3735 63 32 3457 
3736 63 
3737 63 
3738 63 
3739 63 
3740 63 
3741 63 447 
3742 63 
3743 63 
3744 63 
3745 63 
3746 63 
3747 63 
3748 63 
3749 63 
3750 63 
3751 63 
3752 63 3351 
3753 63 
3754 63 
3755 63 
3756 63 96 
3757 63 
3758 63 
3759 63 
3760 63 
3761 63 
3762 63 
3763 63 
3764 63 904 
3765 63 
3766 63 43 
3767 63 
3768 63 3767 
3769 63 
3770 63 
3771 63 
3772 63 
3773 63 
3774 63 
3775 63 
3776 63 
3777 63 
3778 63 
3779 63 
3780 63 3780 
3781 63 
3782 63 
3783 63 
3784 63 1649 
3785 63 1444 
3786 63 
3787 63 
3788 63 1515 
3789 63 
3790 63 1342 
3791 63 
3792 63 2706 
3793 63 
3794 63 
3795 63 
3796 63 
3797 63 
3798 63 
3799 63 
3800 63 
3801 63 
3802 63 
3803 63 
3804 63 60 3803 
3805 63 
3806 63 
3807 63 
3808 63 
3809 63 
3810 63 
3811 63 
3812 63 
3813 63 
3814 63 
3815 63 
3816 63 
3817 63 
3818 63 
3819 63 
3820 63 
3821 63 
3822 63 
3823 63 
3824 63 
3825 63 
3826 63 
3827 63 
3828 63 
3829 63 
3830 63 
3831 63 
3832 63 
3833 63 
3834 63 
3835 63 
3836 63 
3837 63 
3838 63 
3839 63 
3840 63 
3841 63 3840 
3842 63 3840 
3843 63 
3844 63 
3845 63 
3846 63 
3847 63 
3848 63 
3849 63 
3850 63 
3851 63 3851 
3852 63 
3853 63 
3854 63 
3855 63 
3856 63 
3857 63 
3858 63 
3859 63 
3860 63 
3861 63 
3862 63 
3863 63 
3864 63 
3865 63 
3866 63 2952 
3867 63 50 2131 
3868 63 
3869 63 
3870 63 
3871 63 
3872 63 
3873 63 3872 
3874 63 
3875 63 
3876 63 
3877 63 
3878 63 
3879 63 
3880 63 
3881 63 
3882 63 
3883 63 
3884 63 
3885 63 
3886 63 
3887 63 
3888 63 
3889 63 
3890 63 
3891 63 
3892 63 
3893 63 
3894 63 
3895 63 
3896 63 
3897 63 3896 
3898 63 
3899 63 
3900 63 
3901 63 3900 
3902 63 
3903 63 
3904 63 
3905 63 
3906 63 
3907 63 
3908 63 
3909 63 
3910 63 
3911 63 
3912 63 
3913 63 
3914 63 
3915 63 
3916 63 
3917 63 
3918 63 3917 
3919 63 
3920 63 
3921 63 
3922 63 3921 
3923 63 
3924 63 
3925 63 
3926 63 
3927 63 3926 
3928 63 1639 3926 
3929 63 
3930 63 
3931 63 
3932 63 
3933 63 
3934 63 
3935 63 
3936 63 
3937 63 
3938 63 3937 
3939 63 3937 
3940 63 3937 
3941 63 3937 
3942 63 3942 
3943 63 3942 
3944 63 3937 
3945 63 
3946 63 
3947 63 
3948 63 3728 
3949 63 
3950 63 
3951 63 
3952 63 
3953 63 
3954 63 
3955 63 3955 
3956 63 
3957 63 
3958 63 
3959 63 
3960 63 
3961 63 
3962 63 
3963 63 
3964 63 
3965 63 
3966 63 43 
3967 63 
3968 63 41 
3969 63 2349 
3970 63 
3971 63 
3972 63 3758 
3973 63 3604 
3974 63 
3975 63 3974 
3976 63 
3977 63 
3978 63 
3979 63 
3980 63 3979 
3981 63 
3982 63 
3983 63 
3984 63 
3985 63 
3986 63 
3987 63 
3988 63 447 1483 
3989 63 
3990 63 
3991 63 
3992 63 
3993 63 3309 
3994 63 
3995 63 
3996 63 
3997 63 
3998 63 
3999 63 
4000 63 
4001 63 
4002 63 
4003 63 
4004 63 
4005 63 
4006 63 
4007 63 
4008 63 
4009 63 
4010 63 116 
4011 63 
4012 63 
4013 63 3607 3775 
4014 63 
4015 63 
4016 63 
4017 63 
4018 63 
4019 63 
4020 63 
4021 63 
4022 63 
4023 63 
4024 63 
4025 63 1411 
4026 63 
4027 63 
4028 63 
4029 63 
4030 63 363 
4031 63 
4032 63 27 
4033 63 
4034 63 
4035 63 
4036 63 
4037 63 
4038 63 
4039 63 
4040 63 3591 4039 
4041 63 
4042 63 
4043 63 
4044 63 
4045 63 
4046 63 
4047 63 
4048 63 
4049 63 36 
4050 63 
4051 63 
4052 63 
4053 63 
4054 63 
4055 63 
4056 63 
4057 63 
4058 63 
4059 63 
4060 63 
4061 63 
4062 63 
4063 63 
4064 63 
4065 63 
4066 63 
4067 63 
4068 63 
4069 63 
4070 63 
4071 63 4070 
4072 63 
4073 63 
4074 63 
4075 63 118 
4076 63 
4077 63 
4078 63 
4079 63 
4080 63 4079 
4081 63 4081 
4082 63 4081 
4083 63 
4084 63 4084 
4085 63 
4086 63 
4087 63 
4088 63 46 
4089 63 46 4088 
4090 63 46 4088 
4091 63 46 4088 
4092 63 46 4088 
4093 63 46 4088 
4094 63 46 4088 
4095 63 46 4088 
4096 63 46 4088 
4097 63 
4098 63 
4099 63 
4100 63 
4101 63 
4102 63 
4103 63 
4104 63 
4105 63 4042 
4106 63 4106 
4107 63 4106 
4108 63 4106 2041 
4109 63 
4110 63 
4111 63 
4112 63 
4113 63 
4114 63 1096 
4115 63 
4116 63 
4117 63 
4118 63 
4119 63 
4120 63 
4121 63 
4122 63 
4123 63 
4124 63 
4125 63 3206 
4126 63 
4127 63 
4128 63 
4129 63 
4130 63 
4131 63 
4132 63 
4133 63 56 
4134 63 
4135 63 
4136 63 
4137 63 
4138 63 
4139 63 
4140 63 
4141 63 
4142 63 
4143 63 
4144 63 
4145 63 
4146 63 
4147 63 
4148 63 
4149 63 
4150 63 
4151 63 
4152 63 4151 
4153 63 
4154 63 
4155 63 
4156 63 
4157 63 
4158 63 
4159 63 
4160 63 
4161 63 
4162 63 
4163 63 
4164 63 
4165 63 
4166 63 
4167 63 
4168 63 
4169 63 
4170 63 
4171 63 4171 
4172 63 4171 
4173 63 3937 
4174 63 
4175 63 
4176 63 
4177 63 
4178 63 
4179 63 
4180 63 
4181 63 
4182 63 3206 
4183 63 
4184 63 
4185 63 1277 
4186 63 
4187 63 
4188 63 
4189 63 
4190 63 
4191 63 
4192 63 32 911 
4193 63 
4194 63 
4195 63 
4196 63 
4197 63 
4198 63 
4199 63 
4200 63 
4201 63 
4202 63 
4203 63 
4204 63 
4205 63 
4206 63 
4207 63 
4208 63 4207 
4209 63 
4210 63 
4211 63 
4212 63 
4213 63 
4214 63 4213 
4215 63 
4216 63 
4217 63 
4218 63 40 
4219 63 2080 
4220 63 
4221 63 33 
4222 63 
4223 63 
4224 63 27 3522 
4225 63 
4226 63 
4227 63 
4228 63 4227 
4229 63 37 38 2355 
4230 63 3760 
4231 63 
4232 63 
4233 63 
4234 63 
4235 63 
4236 63 
4237 63 
4238 63 2302 
4239 63 
4240 63 4239 
4241 63 32 
4242 63 447 2519 
4243 63 
4244 63 
4245 63 
4246 63 
4247 63 4247 
4248 63 4246 
4249 63 
4250 63 2559 
4251 63 
4252 63 4251 
4253 63 
4254 63 
4255 63 
4256 63 
4257 63 
4258 63 
4259 63 
4260 63 
4261 63 
4262 63 
4263 63 
4264 63 
4265 63 
4266 63 2919 
4267 63 
4268 63 
4269 63 25 
4270 63 
4271 63 
4272 63 
4273 63 
4274 63 
4275 63 
4276 63 
4277 63 3112 
4278 63 
4279 63 
4280 63 
4281 63 
4282 63 
4283 63 2582 
4284 63 
4285 63 
4286 63 
4287 63 
4288 63 4287 
4289 63 
4290 63 
4291 63 
4292 63 
4293 63 
4294 63 
4295 63 
4296 63 
4297 63 
4298 63 
4299 63 
4300 63 
4301 63 
4302 63 
4303 63 
4304 63 
4305 63 
4306 63 
4307 63 396 
4308 63 
4309 63 
4310 63 
4311 63 
4312 63 
4313 63 
4314 63 
4315 63 
4316 63 
4317 63 
4318 63 
4319 63 
4320 63 
4321 63 
4322 63 4321 
4323 63 
4324 63 
4325 63 
4326 63 4325 
4327 63 4325 
4328 63 3840 3926 
4329 63 
4330 63 
4331 63 59 2577 
4332 63 
4333 63 
4334 63 
4335 63 
4336 63 
4337 63 
4338 63 
4339 63 
4340 63 
4341 63 
4342 63 
4343 63 
4344 63 
4345 63 
4346 63 
4347 63 
4348 63 
4349 63 
4350 63 
4351 63 
4352 63 
4353 63 
4354 63 
4355 63 
4356 63 
4357 63 
4358 63 
4359 63 
4360 63 
4361 63 
4362 63 
4363 63 
4364 63 
4365 63 
4366 63 
4367 63 
4368 63 
4369 63 
4370 63 
4371 63 
4372 63 
4373 63 
4374 63 46 
4375 63 4375 
4376 63 
4377 63 
4378 63 
4379 63 
4380 63 
4381 63 
4382 63 
4383 63 
4384 63 
4385 63 
4386 63 
4387 63 860 
4388 63 
4389 63 
4390 63 
4391 63 
4392 63 1649 7 
4393 63 
4394 63 
4395 63 
4396 63 
4397 63 4396 
4398 63 
4399 63 
4400 63 4399 
4401 63 
4402 63 
4403 63 
4404 63 
4405 63 58 
4406 63 
4407 63 
4408 63 4407 
4409 63 
4410 63 
4411 63 
4412 63 
4413 63 
4414 63 
4415 63 
4416 63 
4417 63 
4418 63 
4419 63 
4420 63 
4421 63 
4422 63 2706 
4423 63 
4424 63 
4425 63 
4426 63 4425 
4427 63 
4428 63 
4429 63 
4430 63 
4431 63 4431 
4432 63 4431 
4433 63 4431 
4434 63 4431 
4435 63 
4436 63 
4437 63 
4438 63 
4439 63 
4440 63 
4441 63 
4442 63 
4443 63 
4444 63 
4445 63 18 
4446 63 
4447 63 
4448 63 
4449 63 139 
4450 63 
4451 63 2316 
4452 63 877 
4453 63 
4454 63 
4455 63 
4456 63 
4457 63 3591 
4458 63 
4459 63 
4460 63 
4461 63 
4462 63 
4463 63 
4464 63 3163 
4465 63 
4466 63 
4467 63 
4468 63 
4469 63 
4470 63 
4471 63 
4472 63 
4473 63 
4474 63 
4475 63 
4476 63 4476 
4477 63 4476 
4478 63 2787 
4479 63 0 
4480 63 
4481 63 
4482 63 
4483 63 
4484 63 
4485 63 0 
4486 63 
4487 63 
4488 63 
4489 63 
4490 63 
4491 63 
4492 63 
4493 63 
4494 63 
4495 63 
4496 63 
4497 63 
4498 63 
4499 63 
4500 63 
4501 63 
4502 63 
4503 63 1096 
4504 63 
4505 63 
4506 63 447 428 
4507 63 
4508 63 25 
4509 63 
4510 63 
4511 63 
4512 63 
4513 63 
4514 63 
4515 63 
4516 63 
4517 63 
4518 63 
4519 63 
4520 63 
4521 63 
4522 63 
4523 63 
4524 63 
4525 63 
4526 63 
4527 63 
4528 63 2502 
4529 63 3351 
4530 63 322 
4531 63 
4532 63 
4533 63 
4534 63 
4535 63 
4536 63 
4537 63 
4538 63 
4539 63 
4540 63 
4541 63 
4542 63 
4543 63 3646 
4544 63 
4545 63 3351 
4546 63 
4547 63 
4548 63 
4549 63 
4550 63 
4551 63 
4552 63 
4553 63 
4554 63 
4555 63 
4556 63 
4557 63 
4558 63 
4559 63 
4560 63 
4561 63 4560 
4562 63 447 
4563 63 4483 
4564 63 
4565 63 
4566 63 
4567 63 
4568 63 
4569 63 4569 
4570 63 4569 448 
4571 63 4569 
4572 63 4569 
4573 63 
4574 63 
4575 63 
4576 63 
4577 63 
4578 63 3351 
4579 63 
4580 63 
4581 63 
4582 63 2349 
4583 63 
4584 63 4583 
4585 63 9 3206 10 
4586 63 
4587 63 
4588 63 
4589 63 
4590 63 
4591 63 
4592 63 
4593 63 
4594 63 4 
4595 63 
4596 63 
4597 63 
4598 63 
4599 63 4598 
4600 63 116 
4601 63 4601 
4602 63 4601 
4603 63 
4604 63 
4605 63 
4606 63 
4607 63 
4608 63 1985 
4609 63 
4610 63 
4611 63 
4612 63 1639 1640 
4613 63 3003 
4614 63 
4615 63 
4616 63 
4617 63 
4618 63 
4619 63 
4620 63 
4621 63 397 
4622 63 
4623 63 
4624 63 
4625 63 
4626 63 
4627 63 
4628 63 
4629 63 
4630 63 
4631 63 2559 
4632 63 
4633 63 
4634 63 
4635 63 
4636 63 
4637 63 
4638 63 
4639 63 
4640 63 
4641 63 4640 
4642 63 
4643 63 
4644 63 
4645 63 4644 
4646 63 
4647 63 
4648 63 
4649 63 
4650 63 0 
4651 63 
4652 63 
4653 63 
4654 63 
4655 63 
4656 63 
4657 63 2349 2621 4656 
4658 63 
4659 63 
4660 63 
4661 63 
4662 63 
4663 63 
4664 63 
4665 63 
4666 63 
4667 63 1715 
4668 63 
4669 63 4668 
4670 63 
4671 63 
4672 63 
4673 63 3347 
4674 63 
4675 63 
4676 63 
4677 63 
4678 63 
4679 63 
4680 63 399 
4681 63 397 
4682 63 
4683 63 
4684 63 
4685 63 
4686 63 834 
4687 63 
4688 63 
4689 63 425 
4690 63 
4691 63 
4692 63 
4693 63 
4694 63 
4695 63 
4696 63 
4697 63 
4698 63 
4699 63 
4700 63 
4701 63 
4702 63 
4703 63 
4704 63 
4705 63 
4706 63 
4707 63 2919 
4708 63 
4709 63 
4710 63 
4711 63 4710 
4712 63 
4713 63 
4714 63 
4715 63 32 
4716 63 
4717 63 
4718 63 
4719 63 
4720 63 20 22 23 
4721 63 
4722 63 
4723 63 
4724 63 
4725 63 
4726 63 
4727 63 
4728 63 
4729 63 
4730 63 
4731 63 
4732 63 3668 
4733 63 
4734 63 4525 
4735 63 
4736 63 4569 
4737 63 
4738 63 
4739 63 
4740 63 
4741 63 50 4741 
4742 63 50 4741 
4743 63 50 4741 
4744 63 50 4741 
4745 63 50 4741 
4746 63 50 4741 
4747 63 50 4741 
4748 63 50 4741 25 
4749 63 50 4741 
4750 63 50 4741 
4751 63 
4752 63 
4753 63 4753 
4754 63 4753 
4755 63 4753 
4756 63 4753 
4757 63 
4758 63 
4759 63 
4760 63 
4761 63 872 
4762 63 
4763 63 
4764 63 
4765 63 
4766 63 
4767 63 162 
4768 63 
4769 63 3516 
4770 63 
4771 63 
4772 63 
4773 63 
4774 63 4773 
4775 63 
4776 63 4375 
4777 63 
4778 63 
4779 63 
4780 63 37 3591 4501 
4781 63 
4782 63 46 47 
4783 63 
4784 63 
4785 63 2173 
4786 63 
4787 63 4786 
4788 63 4786 
4789 63 4786 
4790 63 4786 
4791 63 4786 
4792 63 4786 
4793 63 4786 
4794 63 4786 
4795 63 4786 
4796 63 
4797 63 
4798 63 
4799 63 
4800 63 1729 
4801 63 
4802 63 116 3309 
4803 63 4786 
4804 63 
4805 63 4805 
4806 63 
4807 63 
4808 63 
4809 63 3780 
4810 63 622 
4811 63 4179 
4812 63 
4813 63 
4814 63 
4815 63 
4816 63 4815 
4817 63 
4818 63 2302 
4819 63 
4820 63 
4821 63 
4822 63 
4823 63 
4824 63 
4825 63 
4826 63 
4827 63 96 
4828 63 
4829 63 0 
4830 63 
4831 63 
4832 63 
4833 63 
4834 63 
4835 63 
4836 63 
4837 63 
4838 63 
4839 63 
4840 63 
4841 63 
4842 63 
4843 63 
4844 63 
4845 63 
4846 63 
4847 63 
4848 63 
4849 63 
4850 63 
4851 63 
4852 63 
4853 63 
4854 63 
4855 63 2502 
4856 63 
4857 63 
4858 63 
4859 63 
4860 63 4859 
4861 63 
4862 63 
4863 63 
4864 63 
4865 63 3042 
4866 63 
4867 63 
4868 63 
4869 63 
4870 63 
4871 63 
4872 63 
4873 63 
4874 63 
4875 63 
4876 63 
4877 63 
4878 63 
4879 63 3206 
4880 63 
4881 63 
4882 63 9 10 
4883 63 
4884 63 
4885 63 
4886 63 
4887 63 
4888 63 
4889 63 50 4741 
4890 63 
4891 63 
4892 63 
4893 63 4892 
4894 63 
4895 63 
4896 63 
4897 63 
4898 63 
4899 63 
4900 63 
4901 63 
4902 63 
4903 63 
4904 63 
4905 63 1326 
4906 63 
4907 63 
4908 63 
4909 63 1549 
4910 63 
4911 63 
4912 63 
4913 63 
4914 63 
4915 63 
4916 63 
4917 63 
4918 63 4917 
4919 63 
4920 63 
4921 63 
4922 63 
4923 63 
4924 63 3206 1783 
4925 63 
4926 63 
4927 63 
4928 63 2919 
4929 63 
4930 63 4890 
4931 63 
4932 63 
4933 63 
4934 63 3206 
4935 63 
4936 63 4935 
4937 63 
4938 63 4938 
4939 63 
4940 63 
4941 63 2919 
4942 63 
4943 63 
4944 63 
4945 63 4944 
4946 63 
4947 63 4946 
4948 63 4946 
4949 63 
4950 63 
4951 63 
4952 63 
4953 63 
4954 63 
4955 63 
4956 63 
4957 63 
4958 63 37 39 
4959 63 
4960 63 
4961 63 3937 
4962 63 
4963 63 
4964 63 
4965 63 
4966 63 
4967 63 
4968 63 
4969 63 
4970 63 
4971 63 
4972 63 25 
4973 63 4973 
4974 63 4973 
4975 63 
4976 63 
4977 63 
4978 63 
4979 63 
4980 63 
4981 63 397 
4982 63 
4983 63 
4984 63 4984 
4985 63 4984 
4986 63 
4987 63 
4988 63 
4989 63 4525 
4990 63 
4991 63 
4992 63 
4993 63 
4994 63 
4995 63 
4996 63 
4997 63 
4998 63 
4999 63 
5000 63 
5001 63 34 
5002 63 
5003 63 5002 
5004 63 5002 
5005 63 5002 
5006 63 5002 
5007 63 
5008 63 1676 
5009 63 
5010 63 
5011 63 
5012 63 
5013 63 
5014 63 
5015 63 
5016 63 
5017 63 
5018 63 3926 
5019 63 
5020 63 
5021 63 
5022 63 
5023 63 
5024 63 
5025 63 5024 
5026 63 
5027 63 
5028 63 
5029 63 
5030 63 5029 
5031 63 5031 
5032 63 5031 
5033 63 5031 4247 
5034 63 
5035 63 
5036 63 
5037 63 
5038 63 
5039 63 
5040 63 
5041 63 
5042 63 
5043 63 4569 3851 
5044 63 41 3 
5045 63 2457 
5046 63 
5047 63 
5048 63 
5049 63 
5050 63 
5051 63 
5052 63 
5053 63 
5054 63 
5055 63 
5056 63 
5057 63 3591 
5058 63 4106 
5059 63 4153 
5060 63 
5061 63 3406 
5062 63 
5063 63 
5064 63 
5065 63 5064 
5066 63 
5067 63 
5068 63 
5069 63 
5070 63 
5071 63 
5072 63 
5073 63 
5074 63 
5075 63 
5076 63 
5077 63 5076 
5078 63 
5079 63 
5080 63 
5081 63 
5082 63 
5083 63 
5084 63 
5085 63 4606 
5086 63 
5087 63 
5088 63 4805 5087 
5089 63 
5090 63 
5091 63 
5092 63 
5093 63 
5094 63 
5095 63 
5096 63 
5097 63 
5098 63 
5099 63 
5100 63 
5101 63 
5102 63 
5103 63 
5104 63 5103 
5105 63 
5106 63 5105 
5107 63 
5108 63 5031 
5109 63 4128 
5110 63 46 47 
5111 63 
5112 63 
5113 63 
5114 63 
5115 63 5114 
5116 63 
5117 63 
5118 63 
5119 63 4539 
5120 63 
5121 63 5121 
5122 63 
5123 63 
5124 63 
5125 63 
5126 63 
5127 63 
5128 63 
5129 63 
5130 63 
5131 63 
5132 63 
5133 63 
5134 63 
5135 63 
5136 63 5136 
5137 63 5136 
5138 63 3826 
5139 63 
5140 63 
5141 63 
5142 63 
5143 63 1096 
5144 63 
5145 63 
5146 63 
5147 63 
5148 63 
5149 63 5148 
5150 63 5148 
5151 63 5148 
5152 63 
5153 63 4946 3292 
5154 63 
5155 63 
5156 63 
5157 63 
5158 63 
5159 63 5158 1378 
5160 63 
5161 63 
5162 63 9 10 
5163 63 
5164 63 542 
5165 63 
5166 63 250 
5167 63 44 
5168 63 
5169 63 
5170 63 
5171 63 
5172 63 
5173 63 673 
5174 63 
5175 63 
5176 63 
5177 63 
5178 63 
5179 63 
5180 63 
5181 63 
5182 63 3937 
5183 63 
5184 63 
5185 63 5185 
5186 63 5185 
5187 63 
5188 63 9 
5189 63 2302 
5190 63 
5191 63 
5192 63 1228 
5193 63 116 
5194 63 
5195 63 
5196 63 
5197 63 
5198 63 4431 
5199 63 
5200 63 
5201 63 
5202 63 
5203 63 
5204 63 
5205 63 5204 
5206 63 
5207 63 
5208 63 
5209 63 
5210 63 
5211 63 
5212 63 
5213 63 
5214 63 
5215 63 32 
5216 63 
5217 63 
5218 63 
5219 63 2420 
5220 63 
5221 63 
5222 63 
5223 63 7 
5224 63 
5225 63 
5226 63 
5227 63 
5228 63 5228 
5229 63 
5230 63 
5231 63 
5232 63 5231 
5233 63 
5234 63 
5235 63 
5236 63 
5237 63 
5238 63 
5239 63 
5240 63 
5241 63 
5242 63 
5243 63 
5244 63 761 
5245 63 4988 
5246 63 
5247 63 
5248 63 
5249 63 4634 
5250 63 
5251 63 
5252 63 
5253 63 5252 
5254 63 3309 5252 
5255 63 60 5252 
5256 63 5256 
5257 63 5256 
5258 63 5256 
5259 63 5256 
5260 63 5256 
5261 63 5256 5261 
5262 63 5256 5261 1667 
5263 63 
5264 63 
5265 63 
5266 63 3469 
5267 63 
5268 63 
5269 63 
5270 63 
5271 63 
5272 63 
5273 63 5273 
5274 63 96 
5275 63 3011 
5276 63 
5277 63 
5278 63 5277 
5279 63 3351 
5280 63 5158 
5281 63 
5282 63 3604 5281 
5283 63 
5284 63 
5285 63 
5286 63 
5287 63 3591 
5288 63 
5289 63 
5290 63 
5291 63 
5292 63 
5293 63 
5294 63 5294 
5295 63 5294 
5296 63 
5297 63 
5298 63 
5299 63 
5300 63 
5301 63 
5302 63 
5303 63 
5304 63 3224 
5305 63 
5306 63 
5307 63 
5308 63 
5309 63 3955 
5310 63 
5311 63 
5312 63 5311 
5313 63 
5314 63 2319 
5315 63 
5316 63 5316 
5317 63 
5318 63 5317 
5319 63 
5320 63 
5321 63 
5322 63 
5323 63 
5324 63 
5325 63 58 
5326 63 
5327 63 
5328 63 
5329 63 
5330 63 
5331 63 
5332 63 
5333 63 591 
5334 63 5334 
5335 63 2919 845 
5336 63 5128 
5337 63 
5338 63 
5339 63 4079 
5340 63 
5341 63 
5342 63 
5343 63 4801 
5344 63 
5345 63 
5346 63 
5347 63 
5348 63 96 
5349 63 
5350 63 
5351 63 
5352 63 1118 
5353 63 
5354 63 
5355 63 
5356 63 
5357 63 
5358 63 
5359 63 
5360 63 
5361 63 
5362 63 58 
5363 63 5136 
5364 63 
5365 63 
5366 63 
5367 63 
5368 63 
5369 63 5369 
5370 63 2349 
5371 63 
5372 63 
5373 63 4104 
5374 63 
5375 63 
5376 63 
5377 63 
5378 63 5256 
5379 63 
5380 63 5256 
5381 63 
5382 63 
5383 63 
5384 63 4601 41 
5385 63 
5386 63 5385 
5387 63 
5388 63 
5389 63 5388 
5390 63 4753 
5391 63 
5392 63 
5393 63 5105 
5394 63 
5395 63 
5396 63 
5397 63 
5398 63 
5399 63 
5400 63 3478 
5401 63 
5402 63 
5403 63 5403 
5404 63 5403 
5405 63 5403 5404 
5406 63 
5407 63 46 
5408 63 
5409 63 
5410 63 
5411 63 
5412 63 
5413 63 
5414 63 
5415 63 
5416 63 
5417 63 
5418 63 
5419 63 
5420 63 
5421 63 
5422 63 
5423 63 
5424 63 
5425 63 
5426 63 
5427 63 5426 
5428 63 5426 
5429 63 5426 
5430 63 5426 
5431 63 9 5426 
5432 63 5426 
5433 63 5426 
5434 63 
5435 63 
5436 63 4 
5437 63 
5438 63 5438 
5439 63 
5440 63 4923 
5441 63 
5442 63 
5443 63 
5444 63 
5445 63 
5446 63 
5447 63 3351 
5448 63 
5449 63 
5450 63 
5451 63 
5452 63 
5453 63 5452 
5454 63 5452 
5455 63 5452 
5456 63 5452 
5457 63 
5458 63 
5459 63 5236 
5460 63 2864 
5461 63 
5462 63 3840 5158 
5463 63 
5464 63 
5465 63 
5466 63 3685 
5467 63 
5468 63 
5469 63 
5470 63 1649 
5471 63 5136 2055 
5472 63 1649 1680 
5473 63 
5474 63 
5475 63 
5476 63 
5477 63 
5478 63 
5479 63 
5480 63 
5481 63 
5482 63 
5483 63 
5484 63 
5485 63 
5486 63 2502 
5487 63 
5488 63 
5489 63 5488 
5490 63 
5491 63 
5492 63 
5493 63 5493 
5494 63 5493 
5495 63 
5496 63 1056 
5497 63 
5498 63 
5499 63 
5500 63 
5501 63 3840 
5502 63 
5503 63 
5504 63 
5505 63 
5506 63 
5507 63 
5508 63 
5509 63 
5510 63 
5511 63 
5512 63 3571 
5513 63 
5514 63 
5515 63 5256 2671 
5516 63 
5517 63 
5518 63 
5519 63 
5520 63 5520 
5521 63 
5522 63 
5523 63 3833 
5524 63 
5525 63 
5526 63 
5527 63 
5528 63 
5529 63 2463 
5530 63 
5531 63 
5532 63 
5533 63 
5534 63 
5535 63 
5536 63 
5537 63 
5538 63 
5539 63 
5540 63 
5541 63 
5542 63 
5543 63 
5544 63 
5545 63 
5546 63 
5547 63 
5548 63 3503 
5549 63 
5550 63 
5551 63 1096 
5552 63 
5553 63 
5554 63 
5555 63 
5556 63 
5557 63 1546 
5558 63 
5559 63 1464 
5560 63 
5561 63 
5562 63 
5563 63 
5564 63 
5565 63 5564 
5566 63 5564 
5567 63 5564 
5568 63 5564 
5569 63 5564 
5570 63 5564 
5571 63 5564 
5572 63 5564 
5573 63 5564 
5574 63 
5575 63 
5576 63 
5577 63 
5578 63 
5579 63 
5580 63 2864 
5581 63 
5582 63 4753 5334 
5583 63 
5584 63 4382 
5585 63 3576 
5586 63 
5587 63 
5588 63 
5589 63 4431 5588 
5590 63 
5591 63 
5592 63 
5593 63 
5594 63 5593 
5595 63 
5596 63 5595 
5597 63 5595 3604 
5598 63 5595 2270 
5599 63 5595 3003 
5600 63 5595 
5601 63 5595 
5602 63 5595 
5603 63 5595 
5604 63 9 5595 
5605 63 5595 11 
5606 63 5606 
5607 63 5606 
5608 63 
5609 63 
5610 63 
5611 63 
5612 63 3607 
5613 63 
5614 63 
5615 63 
5616 63 
5617 63 
5618 63 
5619 63 4035 
5620 63 
5621 63 1066 
5622 63 
5623 63 2334 
5624 63 
5625 63 
5626 63 
5627 63 
5628 63 
5629 63 
5630 63 
5631 63 
5632 63 
5633 63 
5634 63 5633 
5635 63 5633 
5636 63 5633 
5637 63 5633 
5638 63 5633 25 
5639 63 5633 5639 
5640 63 
5641 63 2677 
5642 63 
5643 63 
5644 63 
5645 63 5645 
5646 63 
5647 63 
5648 63 
5649 63 1268 
5650 63 
5651 63 5651 
5652 63 
5653 63 
5654 63 
5655 63 
5656 63 4919 
5657 63 
5658 63 
5659 63 
5660 63 
5661 63 
5662 63 
5663 63 
5664 63 
5665 63 3457 4442 
5666 63 2349 3840 
5667 63 
5668 63 
5669 63 
5670 63 
5671 63 
5672 63 
5673 63 5672 
5674 63 5672 
5675 63 5672 
5676 63 5672 
5677 63 5672 
5678 63 5672 
5679 63 5672 
5680 63 5672 
5681 63 5672 
5682 63 
5683 63 4247 346 
5684 63 56 3622 
5685 63 
5686 63 
5687 63 
5688 63 1639 
5689 63 
5690 63 
5691 63 
5692 63 
5693 63 
5694 63 397 58 
5695 63 
5696 63 
5697 63 
5698 63 
5699 63 
5700 63 
5701 63 34 2877 
5702 63 
5703 63 
5704 63 
5705 63 
5706 63 4246 
5707 63 4604 
5708 63 3309 
5709 63 3571 
5710 63 
5711 63 
5712 63 
5713 63 5256 
5714 63 
5715 63 5467 
5716 63 
5717 63 
5718 63 
5719 63 
5720 63 
5721 63 5720 5552 
5722 63 5720 
5723 63 5105 5720 
5724 63 
5725 63 
5726 63 
5727 63 
5728 63 5727 
5729 63 5727 
5730 63 5727 
5731 63 5727 
5732 63 3393 
5733 63 
5734 63 
5735 63 
5736 63 2607 
5737 63 
5738 63 
5739 63 5645 
5740 63 
5741 63 
5742 63 
5743 63 4505 
5744 63 2591 
5745 63 
5746 63 
5747 63 
5748 63 5748 
5749 63 5748 
5750 63 96 
5751 63 
5752 63 
5753 63 3929 
5754 63 
5755 63 
5756 63 
5757 63 
5758 63 
5759 63 37 38 3748 
5760 63 
5761 63 2161 5760 
5762 63 
5763 63 
5764 63 
5765 63 5765 
5766 63 1704 5766 
5767 63 
5768 63 
5769 63 
5770 63 
5771 63 
5772 63 5771 
5773 63 
5774 63 
5775 63 
5776 63 
5777 63 
5778 63 5778 
5779 63 
5780 63 5426 
5781 63 
5782 63 
5783 63 
5784 63 
5785 63 
5786 63 
5787 63 
5788 63 447 5788 
5789 63 
5790 63 
5791 63 3206 
5792 63 
5793 63 
5794 63 
5795 63 
5796 63 2502 
5797 63 27 4032 
5798 63 
5799 63 13 
5800 63 
5801 63 
5802 63 
5803 63 
5804 63 
5805 63 2302 
5806 63 
5807 63 
5808 63 
5809 63 
5810 63 
5811 63 
5812 63 
5813 63 
5814 63 3414 
5815 63 
5816 63 
5817 63 
5818 63 4640 
5819 63 
5820 63 5769 
5821 63 
5822 63 
5823 63 
5824 63 
5825 63 
5826 63 
5827 63 4986 
5828 63 
5829 63 
5830 63 
5831 63 
5832 63 
5833 63 
5834 63 
5835 63 
5836 63 5836 
5837 63 
5838 63 
5839 63 
5840 63 
5841 63 5252 
5842 63 4431 
5843 63 5256 
5844 63 
5845 63 640 
5846 63 5846 
5847 63 5846 
5848 63 5846 
5849 63 5846 
5850 63 5846 4128 
5851 63 5846 
5852 63 5846 
5853 63 5846 
5854 63 5846 
5855 63 5846 2030 
5856 63 
5857 63 
5858 63 
5859 63 
5860 63 
5861 63 4046 
5862 63 4431 
5863 63 
5864 63 
5865 63 
5866 63 5256 5865 
5867 63 
5868 63 
5869 63 
5870 63 
5871 63 
5872 63 
5873 63 
5874 63 2302 
5875 63 5564 
5876 63 
5877 63 
5878 63 447 
5879 63 
5880 63 
5881 63 
5882 63 5881 
5883 63 
5884 63 
5885 63 
5886 63 5886 
5887 63 5886 
5888 63 5886 
5889 63 5886 
5890 63 397 
5891 63 
5892 63 
5893 63 
5894 63 
5895 63 
5896 63 
5897 63 
5898 63 
5899 63 1050 4986 
5900 63 50 635 
5901 63 
5902 63 4668 
5903 63 
5904 63 
5905 63 5158 
5906 63 11 
5907 63 
5908 63 
5909 63 
5910 63 
5911 63 4946 
5912 63 
5913 63 
5914 63 
5915 63 
5916 63 
5917 63 
5918 63 
5919 63 
5920 63 
5921 63 
5922 63 
5923 63 
5924 63 46 
5925 63 4 
5926 63 
5927 63 5452 
5928 63 
5929 63 4321 
5930 63 3268 
5931 63 
5932 63 5931 
5933 63 
5934 63 
5935 63 
5936 63 3054 
5937 63 5334 
5938 63 
5939 63 
5940 63 
5941 63 4614 
5942 63 
5943 63 50 2131 
5944 63 
5945 63 
5946 63 
5947 63 
5948 63 
5949 63 
5950 63 4431 
5951 63 
5952 63 
5953 63 
5954 63 1389 
5955 63 5955 
5956 63 5955 
5957 63 3649 
5958 63 
5959 63 
5960 63 
5961 63 
5962 63 
5963 63 
5964 63 
5965 63 
5966 63 
5967 63 
5968 63 
5969 63 
5970 63 
5971 63 5633 
5972 63 
5973 63 
5974 63 116 
5975 63 
5976 63 
5977 63 
5978 63 3591 
5979 63 
5980 63 
5981 63 1190 
5982 63 
5983 63 5982 
5984 63 
5985 63 
5986 63 
5987 63 
5988 63 
5989 63 60 2286 
5990 63 5252 
5991 63 
5992 63 5991 
5993 63 5991 
5994 63 397 5991 
5995 63 
5996 63 
5997 63 
5998 63 5998 
5999 63 5998 
6000 63 
6001 63 
6002 63 6002 
6003 63 6002 
6004 63 6002 
6005 63 6002 
6006 63 6002 
6007 63 6002 
6008 63 6002 
6009 63 6002 
6010 63 6002 
6011 63 6002 
6012 63 6002 6011 
6013 63 6002 
6014 63 
6015 63 
6016 63 
6017 63 
6018 63 
6019 63 
6020 63 
6021 63 
6022 63 
6023 63 5986 
6024 63 
6025 63 5136 
6026 63 
6027 63 4431 
6028 63 
6029 63 
6030 63 2302 
6031 63 
6032 63 
6033 63 
6034 63 
6035 63 
6036 63 
6037 63 
6038 63 
6039 63 
6040 63 1437 
6041 63 
6042 63 428 4132 
6043 63 5256 
6044 63 
6045 63 
6046 63 
6047 63 
6048 63 
6049 63 
6050 63 6049 
6051 63 
6052 63 6052 
6053 63 6052 
6054 63 6052 
6055 63 
6056 63 
6057 63 9 10 
6058 63 
6059 63 4321 
6060 63 3926 
6061 63 
6062 63 
6063 63 
6064 63 
6065 63 6064 
6066 63 6064 
6067 63 1649 
6068 63 20 2302 3563 
6069 63 
6070 63 
6071 63 46 37 
6072 63 
6073 63 
6074 63 
6075 63 
6076 63 
6077 63 
6078 63 
6079 63 3 
6080 63 
6081 63 6080 
6082 63 6080 
6083 63 
6084 63 
6085 63 
6086 63 
6087 63 
6088 63 1963 
6089 63 3571 
6090 63 
6091 63 
6092 63 3937 4203 
6093 63 5886 
6094 63 
6095 63 
6096 63 
6097 63 
6098 63 
6099 63 
6100 63 143 
6101 63 
6102 63 
6103 63 
6104 63 
6105 63 2508 
6106 63 5252 5002 
6107 63 
6108 63 
6109 63 
6110 63 
6111 63 
6112 63 
6113 63 
6114 63 
6115 63 
6116 63 6115 
6117 63 
6118 63 
6119 63 
6120 63 
6121 63 
6122 63 
6123 63 
6124 63 
6125 63 
6126 63 
6127 63 6126 
6128 63 
6129 63 
6130 63 6130 
6131 63 6130 
6132 63 6130 6131 
6133 63 
6134 63 3351 
6135 63 
6136 63 6135 
6137 63 6135 
6138 63 6135 
6139 63 6135 
6140 63 6135 
6141 63 6135 
6142 63 6135 2502 959 
6143 63 
6144 63 
6145 63 
6146 63 
6147 63 
6148 63 
6149 63 
6150 63 60 
6151 63 
6152 63 
6153 63 
6154 63 501 
6155 63 27 
6156 63 
6157 63 
6158 63 
6159 63 
6160 63 2272 
6161 63 6161 
6162 63 
6163 63 3840 
6164 63 
6165 63 
6166 63 
6167 63 
6168 63 
6169 63 
6170 63 
6171 63 
6172 63 
6173 63 
6174 63 
6175 63 
6176 63 6175 
6177 63 2614 
6178 63 
6179 63 
6180 63 
6181 63 
6182 63 
6183 63 6182 
6184 63 
6185 63 
6186 63 
6187 63 
6188 63 
6189 63 5595 6188 
6190 63 266 
6191 63 
6192 63 
6193 63 
6194 63 
6195 63 
6196 63 
6197 63 
6198 63 4525 
6199 63 
6200 63 
6201 63 
6202 63 
6203 63 
6204 63 
6205 63 5452 
6206 63 
6207 63 
6208 63 
6209 63 
6210 63 6209 
6211 63 
6212 63 
6213 63 
6214 63 
6215 63 
6216 63 
6217 63 5633 
6218 63 
6219 63 
6220 63 
6221 63 
6222 63 
6223 63 
6224 63 
6225 63 346 
6226 63 
6227 63 
6228 63 5651 
6229 63 
6230 63 5778 
6231 63 6231 
6232 63 
6233 63 
6234 63 
6235 63 
6236 63 
6237 63 
6238 63 4079 4015 
6239 63 
6240 63 
6241 63 
6242 63 4786 
6243 63 
6244 63 6135 
6245 63 
6246 63 
6247 63 
6248 63 
6249 63 6249 
6250 63 
6251 63 
6252 63 
6253 63 
6254 63 1096 
6255 63 
6256 63 
6257 63 
6258 63 2090 
6259 63 
6260 63 
6261 63 
6262 63 6261 
6263 63 6261 
6264 63 6261 
6265 63 
6266 63 3571 
6267 63 
6268 63 3309 
6269 63 
6270 63 
6271 63 5595 
6272 63 3351 
6273 63 
6274 63 
6275 63 
6276 63 5962 
6277 63 
6278 63 
6279 63 6278 
6280 63 
6281 63 
6282 63 
6283 63 
6284 63 
6285 63 
6286 63 37 38 
6287 63 
6288 63 
6289 63 1121 
6290 63 
6291 63 6290 
6292 63 
6293 63 
6294 63 
6295 63 
6296 63 
6297 63 6296 
6298 63 5426 6296 
6299 63 6296 
6300 63 
6301 63 
6302 63 6301 96 
6303 63 6301 
6304 63 6301 
6305 63 6301 
6306 63 6301 
6307 63 6301 4332 
6308 63 6301 
6309 63 6301 
6310 63 6301 
6311 63 1109 
6312 63 4120 
6313 63 
6314 63 6314 
6315 63 5886 6314 
6316 63 
6317 63 
6318 63 
6319 63 46 6319 
6320 63 46 6319 
6321 63 6321 
6322 63 6321 5158 
6323 63 6321 
6324 63 6321 
6325 63 6321 5158 
6326 63 
6327 63 6321 3840 5158 2864 
6328 63 6321 5158 1868 
6329 63 6321 3840 5158 
6330 63 6321 3840 5158 2864 
6331 63 46 6331 
6332 63 
6333 63 2080 6036 
6334 63 
6335 63 
6336 63 
6337 63 
6338 63 4786 
6339 63 
6340 63 
6341 63 
6342 63 
6343 63 
6344 63 20 24 
6345 63 
6346 63 
6347 63 
6348 63 
6349 63 
6350 63 44 49 
6351 63 
6352 63 
6353 63 
6354 63 1696 
6355 63 
6356 63 5633 
6357 63 
6358 63 
6359 63 305 
6360 63 1096 
6361 63 6135 
6362 63 
6363 63 4106 
6364 63 
6365 63 5514 
6366 63 
6367 63 
6368 63 
6369 63 
6370 63 
6371 63 705 
6372 63 
6373 63 6301 5671 
6374 63 
6375 63 
6376 63 
6377 63 
6378 63 
6379 63 
6380 63 
6381 63 
6382 63 250 
6383 63 6383 
6384 63 
6385 63 4978 
6386 63 5765 
6387 63 6387 
6388 63 46 6387 4374 
6389 63 6387 
6390 63 6387 4536 
6391 63 6387 682 
6392 63 6387 1777 
6393 63 6387 
6394 63 6387 
6395 63 6387 2919 4679 
6396 63 
6397 63 
6398 63 
6399 63 
6400 63 
6401 63 6401 
6402 63 6401 
6403 63 6387 6401 
6404 63 
6405 63 
6406 63 
6407 63 5928 
6408 63 
6409 63 6409 
6410 63 6409 
6411 63 6409 6410 
6412 63 
6413 63 
6414 63 
6415 63 
6416 63 5846 
6417 63 4079 2959 
6418 63 
6419 63 
6420 63 
6421 63 
6422 63 
6423 63 
6424 63 
6425 63 
6426 63 
6427 63 6426 
6428 63 
6429 63 2719 
6430 63 
6431 63 
6432 63 
6433 63 
6434 63 5672 
6435 63 2161 3604 6435 
6436 63 
6437 63 
6438 63 
6439 63 9 
6440 63 
6441 63 
6442 63 
6443 63 
6444 63 
6445 63 
6446 63 
6447 63 
6448 63 
6449 63 
6450 63 
6451 63 
6452 63 
6453 63 3833 6452 
6454 63 
6455 63 3926 
6456 63 
6457 63 1649 1852 
6458 63 
6459 63 2995 
6460 63 
6461 63 
6462 63 3 
6463 63 
6464 63 5633 
6465 63 4752 
6466 63 2349 
6467 63 
6468 63 
6469 63 
6470 63 3926 0 
6471 63 
6472 63 
6473 63 
6474 63 
6475 63 
6476 63 4753 
6477 63 487 
6478 63 
6479 63 250 
6480 63 
6481 63 
6482 63 
6483 63 1326 5754 
6484 63 
6485 63 
6486 63 
6487 63 
6488 63 
6489 63 
6490 63 
6491 63 
6492 63 4668 
6493 63 
6494 63 
6495 63 6383 4614 6188 
6496 63 
6497 63 
6498 63 417 
6499 63 
6500 63 5886 6135 
6501 63 
6502 63 3710 3926 2911 6501 
6503 63 2080 2864 
6504 63 5727 
6505 63 
6506 63 
6507 63 
6508 63 
6509 63 6508 
6510 63 
6511 63 6510 
6512 63 
6513 63 2348 
6514 63 46 6319 
6515 63 5595 
6516 63 
6517 63 
6518 63 27 30 
6519 63 2158 
6520 63 
6521 63 
6522 63 1920 
6523 63 
6524 63 
6525 63 
6526 63 
6527 63 
6528 63 
6529 63 2502 6528 
6530 63 
6531 63 
6532 63 195 
6533 63 
6534 63 
6535 63 
6536 63 4431 
6537 63 
6538 63 
6539 63 6538 
6540 63 
6541 63 
6542 63 
6543 63 
6544 63 
6545 63 
6546 63 
6547 63 
6548 63 
6549 63 
6550 63 4321 2559 
6551 63 
6552 63 
6553 63 2080 
6554 63 
6555 63 
6556 63 
6557 63 397 
6558 63 
6559 63 
