0 
1 
2 
3 
4 
5 
6 5 
7 
8 7 
9 7 
10 
11 
12 11 
13 11 
14 
15 
16 15 
17 
18 
19 18 
20 18 19 
21 7 18 
22 
23 22 
24 22 
25 25 
26 25 
27 25 
28 
29 28 
30 28 
31 
32 
33 
34 
35 
36 36 
37 36 
38 36 
39 
40 
41 40 
42 
43 43 
44 43 
45 43 
46 
47 
48 47 
49 47 
50 
51 50 
52 50 
53 
54 
55 55 
56 55 
57 54 
58 
59 
60 59 
61 
62 61 
63 
64 
65 
66 65 
67 65 
68 65 
69 
70 69 
71 
72 
73 72 
74 72 
75 
76 
77 
78 78 
79 78 
80 78 
81 78 
82 78 
83 78 
84 78 
85 78 
86 78 
87 78 
88 77 
89 
90 89 
91 
92 
93 
94 93 
95 93 
96 
97 96 
98 
99 98 
100 98 
101 98 
102 
103 102 
104 
105 105 
106 105 
107 105 
108 105 107 
109 105 107 
110 105 
111 111 
112 
113 
114 113 
115 115 
116 115 
117 115 
118 
119 118 
120 118 120 
121 118 121 
122 118 121 
123 118 
124 118 
125 118 
126 118 
127 118 126 
128 118 
129 118 128 
130 118 
131 118 131 
132 118 130 
133 118 133 
134 118 133 
135 118 133 
136 
137 
138 
139 138 
140 
141 140 
142 
143 142 
144 142 
145 142 
146 
147 
148 147 
149 
150 149 
151 
152 151 
153 
154 153 
155 
156 155 
157 
158 
159 158 
160 
161 160 
162 
163 
164 
165 164 
166 
167 167 
168 167 
169 
170 169 
171 169 
172 169 171 
173 169 171 
174 169 171 
175 
176 
177 176 
178 151 176 
179 179 
180 179 
181 176 
182 
183 64 182 
184 
185 
186 
187 186 
188 186 
189 186 
190 186 
191 186 
192 
193 
194 
195 195 
196 195 
197 195 
198 195 
199 195 
200 195 
201 195 
202 195 
203 195 
204 195 
205 195 
206 195 
207 195 
208 195 
209 195 105 106 
210 195 
211 195 
212 195 
213 195 
214 195 
215 195 
216 195 
217 195 
218 195 
219 195 
220 195 
221 195 
222 195 
223 195 
224 195 
225 195 
226 195 
227 195 
228 195 
229 195 
230 195 
231 195 
232 195 
233 195 
234 195 
235 195 
236 195 
237 195 
238 195 
239 195 
240 195 
241 195 
242 195 
243 195 
244 195 
245 195 
246 195 
247 195 
248 195 
249 195 
250 195 
251 195 
252 195 
253 195 
254 195 
255 195 
256 195 
257 195 
258 195 
259 195 
260 195 
261 195 
262 195 
263 195 
264 195 
265 195 
266 195 
267 195 
268 195 
269 195 
270 195 
271 195 
272 195 
273 195 
274 195 118 128 
275 195 
276 195 
277 195 
278 195 
279 195 
280 195 
281 195 
282 195 
283 195 
284 195 
285 195 
286 195 
287 195 
288 195 
289 195 
290 195 
291 195 
292 195 
293 195 
294 195 118 119 
295 195 
296 195 
297 195 
298 195 
299 195 69 
300 195 
301 195 
302 195 301 
303 195 
304 195 40 
305 195 
306 195 
307 195 
308 195 
309 195 
310 195 
311 195 
312 195 
313 195 
314 195 
315 195 
316 195 
317 195 15 
318 195 
319 195 
320 195 
321 195 
322 195 
323 195 
324 195 
325 195 76 
326 195 
327 195 
328 195 
329 195 
330 195 
331 195 
332 195 
333 195 
334 195 
335 195 
336 195 
337 195 
338 195 
339 195 
340 195 
341 195 
342 195 
343 195 
344 195 
345 195 92 
346 195 
347 195 
348 195 118 124 
349 195 
350 195 
351 195 
352 195 
353 195 
354 195 
355 195 
356 195 
357 195 
358 195 
359 195 
360 195 
361 195 
362 195 
363 195 
364 195 
365 195 
366 195 
367 195 
368 195 
369 195 
370 195 369 
371 195 
372 195 
373 195 
374 195 
375 195 
376 195 
377 195 
378 195 
379 195 
380 195 
381 195 
382 195 
383 195 
384 195 
385 195 
386 195 
387 195 
388 195 78 
389 195 
390 195 
391 195 
392 195 
393 195 
394 195 
395 195 
396 195 
397 195 
398 195 
399 195 
400 195 
401 195 
402 195 
403 195 
404 195 
405 195 
406 195 
407 195 
408 195 
409 195 
410 195 
411 195 
412 195 
413 195 
414 195 
415 195 
416 195 
417 195 
418 195 
419 195 
420 195 
421 195 
422 195 
423 195 
424 195 
425 195 
426 195 
427 195 
428 195 
429 195 
430 195 
431 195 
432 195 
433 195 
434 195 
435 195 
436 195 
437 195 
438 195 
439 195 
440 195 
441 195 
442 195 40 304 
443 195 
444 195 
445 195 
446 195 
447 195 
448 195 
449 195 
450 195 
451 195 
452 195 
453 195 
454 195 
455 195 
456 195 
457 195 
458 195 
459 195 
460 195 
461 195 
462 195 
463 195 
464 195 
465 195 
466 195 
467 195 
468 195 
469 195 
470 195 
471 195 
472 195 
473 195 
474 195 
475 195 
476 195 
477 195 
478 195 
479 195 
480 195 
481 195 
482 195 
483 195 
484 195 
485 195 
486 195 
487 195 
488 195 
489 195 
490 195 
491 195 
492 195 
493 195 
494 195 
495 195 
496 195 
497 195 
498 195 
499 195 
500 195 
501 195 
502 195 
503 195 
504 195 
505 195 504 
506 195 504 
507 195 
508 195 
509 195 
510 195 
511 195 
512 195 
513 195 
514 195 
515 195 
516 195 
517 195 
518 195 
519 195 
520 195 
521 195 
522 195 
523 195 
524 195 
525 195 
526 195 
527 195 
528 195 
529 195 
530 195 
531 195 
532 195 
533 195 
534 195 
535 195 
536 195 
537 195 
538 195 
539 195 
540 195 
541 195 
542 195 
543 195 
544 195 
545 195 
546 195 
547 195 
548 195 
549 195 
550 195 
551 195 
552 195 
553 195 
554 195 
555 195 
556 195 
557 195 
558 195 
559 195 
560 195 
561 195 
562 195 
563 195 
564 195 25 
565 195 
566 195 
567 195 118 133 
568 195 
569 195 
570 195 
571 195 
572 195 
573 195 
574 195 
575 195 118 18 128 
576 195 
577 195 
578 195 
579 195 
580 195 
581 195 
582 195 151 
583 195 
584 195 
585 195 
586 195 
587 195 
588 195 
589 195 
590 195 
591 195 
592 195 
593 195 
594 195 
595 195 
596 195 
597 195 
598 195 
599 195 
600 195 
601 195 
602 195 
603 195 
604 195 
605 195 
606 195 
607 195 
608 195 
609 195 
610 195 
611 195 
612 195 
613 195 
614 195 
615 195 164 
616 195 
617 195 
618 195 
619 195 
620 195 
621 195 
622 195 
623 195 
624 195 
625 195 
626 195 
627 195 
628 195 
629 195 
630 195 
631 195 
632 195 
633 195 
634 195 633 
635 195 
636 195 
637 195 
638 195 118 133 135 
639 195 
640 195 
641 195 
642 195 
643 195 
644 195 
645 195 
646 195 
647 195 
648 195 
649 195 
650 195 
651 195 
652 195 
653 195 
654 195 
655 195 
656 195 
657 195 
658 195 
659 195 
660 195 
661 195 
662 195 
663 195 
664 195 663 
665 195 
666 195 
667 195 
668 195 
669 195 
670 195 
671 195 
672 195 
673 195 
674 195 
675 195 
676 195 
677 195 
678 195 
679 195 
680 195 
681 195 
682 195 96 
683 195 
684 195 
685 195 
686 195 
687 195 
688 195 
689 195 
690 195 
691 195 
692 195 
693 195 
694 195 693 
695 195 
696 195 
697 195 
698 195 
699 195 
700 195 
701 195 
702 195 
703 195 179 
704 195 
705 195 704 
706 195 
707 195 
708 195 
709 195 
710 195 
711 195 
712 195 
713 195 43 
714 195 
715 195 
716 195 
717 195 
718 195 
719 195 
720 195 
721 195 
722 195 
723 195 
724 195 
725 195 
726 195 
727 195 
728 195 727 
729 195 
730 195 
731 195 
732 195 
733 195 
734 195 
735 195 
736 195 
737 195 138 
738 195 
739 195 
740 195 
741 195 
742 195 
743 195 
744 195 
745 195 
746 195 
747 195 
748 195 
749 195 
750 195 
751 195 
752 195 
753 195 
754 195 
755 195 
756 195 
757 195 
758 195 
759 195 
760 195 
761 195 157 
762 195 
763 195 
764 195 
765 195 
766 195 
767 195 
768 195 
769 195 
770 195 
771 195 
772 195 
773 195 
774 195 
775 195 
776 195 
777 195 
778 195 
779 195 
780 195 169 171 
781 195 
782 195 
783 195 
784 195 
785 195 
786 195 
787 195 
788 195 
789 195 
790 195 
791 195 
792 195 
793 195 
794 195 
795 195 
796 195 
797 195 
798 195 
799 195 
800 195 
801 195 
802 195 
803 195 
804 195 
805 195 
806 195 
807 195 
808 195 
809 195 
810 195 
811 195 
812 195 
813 195 
814 195 
815 195 
816 195 
817 195 
818 195 
819 195 
820 195 
821 195 
822 195 
823 195 
824 195 
825 195 
826 195 
827 195 
828 195 
829 195 
830 195 
831 195 
832 195 
833 195 
834 195 
835 195 
836 195 
837 195 
838 195 
839 195 
840 195 
841 195 
842 195 
843 195 
844 195 
845 195 
846 195 
847 195 
848 195 
849 195 
850 195 
851 195 
852 195 
853 195 
854 195 
855 195 
856 195 
857 195 
858 195 
859 195 118 124 
860 195 
861 195 
862 195 
863 195 
864 195 
865 195 
866 195 
867 195 
868 195 
869 195 
870 195 
871 195 
872 195 
873 195 
874 195 
875 195 
876 195 
877 195 
878 195 
879 195 35 
880 195 
881 195 
882 195 
883 195 
884 195 
885 195 
886 195 
887 195 
888 195 
889 195 
890 195 
891 195 
892 195 
893 195 
894 195 
895 195 
896 195 
897 195 
898 195 
899 195 
900 195 
901 195 
902 195 901 
903 195 
904 195 
905 195 
906 195 
907 195 
908 195 
909 195 
910 195 
911 195 
912 195 
913 195 
914 195 
915 195 
916 195 
917 195 
918 195 
919 195 
920 195 
921 195 
922 195 
923 195 
924 195 
925 195 
926 195 
927 195 
928 195 
929 195 
930 195 
931 195 
932 195 
933 195 
934 195 
935 195 
936 195 
937 195 
938 195 
939 195 
940 195 
941 195 
942 195 
943 195 
944 195 
945 195 
946 195 
947 195 
948 195 
949 195 
950 195 
951 195 
952 195 
953 195 
954 195 
955 195 
956 195 
957 195 
958 195 
959 195 
960 195 
961 195 
962 195 
963 195 
964 195 
965 195 
966 195 
967 195 
968 195 
969 195 
970 195 
971 195 
972 195 
973 195 
974 195 
975 195 
976 195 
977 195 
978 195 
979 195 
980 195 
981 195 
982 195 
983 195 
984 195 
985 195 
986 195 
987 195 
988 195 
989 195 988 
990 195 
991 195 
992 195 
993 195 186 190 
994 195 
995 195 
996 195 775 
997 195 
998 195 
999 195 
1000 195 999 
1001 195 999 
1002 195 
1003 195 
1004 195 
1005 195 
1006 195 
1007 195 
1008 195 
1009 195 
1010 195 1009 
1011 195 
1012 195 
1013 195 
1014 195 
1015 195 
1016 195 
1017 195 
1018 195 
1019 195 
1020 195 
1021 195 
1022 195 
1023 195 
1024 195 
1025 195 
1026 195 
1027 195 
1028 195 
1029 195 
1030 195 
1031 195 
1032 195 
1033 195 
1034 195 
1035 195 
1036 195 
1037 195 
1038 195 
1039 195 
1040 195 
1041 195 
1042 195 
1043 195 76 1043 
1044 195 
1045 195 
1046 195 
1047 195 
1048 195 
1049 195 118 121 
1050 195 
1051 195 
1052 195 
1053 195 
1054 195 
1055 195 
1056 195 
1057 195 
1058 195 
1059 195 
1060 195 529 
1061 195 
1062 195 
1063 195 
1064 195 
1065 195 
1066 195 
1067 195 
1068 195 
1069 195 
1070 195 
1071 195 
1072 195 
1073 195 
1074 195 
1075 195 
1076 195 
1077 195 
1078 195 
1079 195 
1080 195 
1081 195 
1082 195 
1083 195 
1084 195 
1085 195 
1086 195 
1087 195 
1088 195 
1089 195 
1090 195 
1091 195 
1092 195 
1093 195 
1094 195 
1095 195 
1096 195 
1097 195 
1098 195 
1099 195 
1100 195 1100 
1101 195 
1102 195 
1103 195 
1104 195 
1105 195 
1106 195 
1107 195 
1108 195 
1109 195 
1110 195 
1111 195 
1112 195 
1113 195 
1114 195 
1115 195 
1116 195 
1117 195 
1118 195 
1119 195 
1120 195 
1121 195 
1122 195 
1123 195 
1124 195 
1125 195 
1126 195 
1127 195 
1128 195 
1129 195 
1130 195 
1131 195 78 314 
1132 195 
1133 195 
1134 195 
1135 195 
1136 195 
1137 195 
1138 195 
1139 195 
1140 195 
1141 195 
1142 195 
1143 195 
1144 195 
1145 195 
1146 195 2 
1147 195 
1148 195 
1149 195 
1150 195 
1151 195 
1152 195 
1153 195 
1154 195 
1155 195 
1156 195 
1157 195 
1158 195 1157 
1159 195 
1160 195 
1161 195 
1162 195 
1163 195 
1164 195 
1165 195 
1166 195 
1167 195 
1168 195 
1169 195 
1170 195 
1171 195 
1172 195 
1173 195 
1174 195 775 
1175 195 
1176 195 46 
1177 195 
1178 195 
1179 195 
1180 195 
1181 195 
1182 195 
1183 195 
1184 195 
1185 195 
1186 195 
1187 195 
1188 195 
1189 195 
1190 195 
1191 195 
1192 195 
1193 195 
1194 195 
1195 195 
1196 195 
1197 195 
1198 195 
1199 195 
1200 195 46 
1201 195 
1202 195 1201 
1203 195 
1204 195 
1205 195 
1206 195 
1207 195 
1208 195 1207 
1209 195 
1210 195 
1211 195 
1212 195 
1213 195 
1214 195 
1215 195 
1216 195 
1217 195 
1218 195 
1219 195 
1220 195 
1221 195 
1222 195 
1223 195 
1224 195 
1225 195 
1226 195 
1227 195 
1228 195 
1229 195 
1230 195 
1231 195 
1232 195 1231 
1233 195 
1234 195 
1235 195 
1236 195 
1237 195 
1238 195 
1239 195 
1240 195 
1241 195 
1242 195 
1243 195 
1244 195 
1245 195 
1246 195 
1247 195 
1248 195 1247 
1249 195 
1250 195 
1251 195 
1252 195 
1253 195 
1254 195 
1255 195 
1256 195 
1257 195 
1258 195 
1259 195 
1260 195 
1261 195 
1262 195 
1263 195 
1264 195 
1265 195 
1266 195 
1267 195 
1268 195 
1269 195 
1270 195 
1271 195 
1272 195 
1273 195 
1274 195 
1275 195 
1276 195 
1277 195 
1278 195 1277 
1279 195 
1280 195 
1281 195 
1282 195 
1283 195 
1284 195 
1285 195 
1286 195 
1287 195 1286 
1288 195 1286 
1289 195 
1290 195 
1291 195 
1292 195 
1293 195 
1294 195 
1295 195 
1296 195 1295 
1297 195 
1298 195 
1299 195 
1300 195 
1301 195 
1302 195 
1303 195 
1304 195 
1305 195 
1306 195 1023 
1307 195 
1308 195 
1309 195 
1310 195 
1311 195 
1312 195 1312 
1313 195 
1314 195 
1315 195 
1316 195 
1317 195 
1318 195 1317 
1319 195 
1320 195 
1321 195 
1322 195 
1323 195 
1324 195 
1325 195 
1326 195 
1327 195 
1328 195 
1329 195 
1330 195 
1331 195 
1332 195 
1333 195 
1334 195 
1335 195 
1336 195 
1337 195 
1338 195 
1339 195 
1340 195 
1341 195 
1342 195 
1343 195 
1344 195 
1345 195 
1346 195 
1347 195 
1348 195 
1349 195 
1350 195 504 
1351 195 
1352 195 
1353 195 
1354 195 
1355 195 
1356 195 
1357 195 
1358 195 
1359 195 
1360 195 
1361 195 
1362 195 
1363 195 
1364 195 
1365 195 
1366 195 18 
1367 195 
1368 195 
1369 195 78 
1370 195 
1371 195 
1372 195 
1373 195 
1374 195 
1375 195 
1376 195 
1377 195 1376 
1378 195 
1379 195 
1380 195 
1381 195 
1382 195 
1383 195 
1384 195 
1385 195 
1386 195 
1387 195 
1388 195 
1389 195 1388 
1390 195 1388 
1391 195 1388 
1392 195 1388 
1393 195 
1394 195 
1395 195 
1396 195 
1397 195 
1398 195 
1399 195 0 
1400 195 43 
1401 195 
1402 195 
1403 195 
1404 195 
1405 195 
1406 195 
1407 195 
1408 195 
1409 195 
1410 195 
1411 195 
1412 195 
1413 195 
1414 195 
1415 195 
1416 195 
1417 195 
1418 195 
1419 195 186 190 
1420 195 
1421 195 
1422 195 
1423 195 
1424 195 
1425 195 
1426 195 
1427 195 
1428 195 
1429 195 
1430 195 
1431 195 
1432 195 
1433 195 
1434 195 
1435 195 
1436 195 
1437 195 
1438 195 
1439 195 
1440 195 
1441 195 
1442 195 
1443 195 113 
1444 195 
1445 195 
1446 195 
1447 195 5 
1448 195 
1449 195 
1450 195 
1451 195 
1452 195 
1453 195 
1454 195 
1455 195 
1456 195 
1457 195 
1458 195 
1459 195 
1460 195 
1461 195 
1462 195 
1463 195 
1464 195 
1465 195 
1466 195 
1467 195 
1468 195 
1469 195 1275 
1470 195 
1471 195 
1472 195 
1473 195 1472 
1474 195 
1475 195 
1476 195 
1477 195 
1478 195 
1479 195 
1480 195 
1481 195 
1482 195 
1483 195 
1484 195 
1485 195 
1486 195 
1487 195 
1488 195 
1489 195 
1490 195 
1491 195 
1492 195 
1493 195 
1494 195 
1495 195 
1496 195 
1497 195 118 133 134 
1498 195 
1499 195 
1500 195 
1501 195 
1502 195 
1503 195 
1504 195 
1505 195 
1506 195 
1507 195 
1508 195 
1509 195 
1510 195 
1511 195 
1512 195 
1513 195 
1514 195 
1515 195 
1516 195 
1517 195 
1518 195 118 133 28 
1519 195 1275 539 
1520 195 
1521 195 
1522 195 
1523 195 
1524 195 
1525 195 
1526 195 
1527 195 
1528 195 
1529 195 
1530 195 
1531 195 
1532 195 
1533 195 
1534 195 
1535 195 
1536 195 
1537 195 
1538 195 
1539 195 
1540 195 
1541 195 
1542 195 
1543 195 
1544 195 1543 
1545 195 1543 
1546 195 
1547 195 1546 
1548 195 
1549 195 
1550 195 
1551 195 1388 
1552 195 
1553 195 
1554 195 
1555 195 
1556 195 
1557 195 
1558 195 
1559 195 
1560 195 
1561 195 
1562 195 
1563 195 
1564 195 
1565 195 
1566 195 
1567 195 1566 
1568 195 1566 
1569 195 1566 
1570 195 1566 
1571 195 1566 
1572 195 
1573 195 
1574 195 
1575 195 
1576 195 
1577 195 
1578 195 96 
1579 195 
1580 195 
1581 195 
1582 195 
1583 195 
1584 195 
1585 195 118 121 
1586 195 515 
1587 195 
1588 195 
1589 195 
1590 195 
1591 195 
1592 195 
1593 195 
1594 195 
1595 195 
1596 195 726 
1597 195 
1598 195 
1599 195 
1600 195 
1601 195 
1602 195 
1603 195 
1604 195 
1605 195 
1606 195 
1607 195 
1608 195 1607 
1609 195 1607 
1610 195 
1611 195 
1612 195 
1613 195 
1614 195 
1615 195 
1616 195 
1617 195 
1618 195 
1619 195 367 
1620 195 
1621 195 
1622 195 22 
1623 195 
1624 195 
1625 195 
1626 195 
1627 195 
1628 195 
1629 195 
1630 195 
1631 195 
1632 195 
1633 195 
1634 195 
1635 195 
1636 195 
1637 195 
1638 195 
1639 195 
1640 195 
1641 195 
1642 195 
1643 195 
1644 195 1011 
1645 195 
1646 195 
1647 195 
1648 195 
1649 195 
1650 195 529 
1651 195 
1652 195 
1653 195 
1654 195 
1655 195 
1656 195 
1657 195 
1658 195 
1659 195 
1660 195 
1661 195 
1662 195 
1663 195 
1664 195 
1665 195 
1666 195 
1667 195 
1668 195 1667 
1669 195 
1670 195 
1671 195 
1672 195 
1673 195 
1674 195 
1675 195 
1676 195 115 1675 
1677 195 
1678 195 
1679 195 
1680 195 
1681 195 
1682 195 
1683 195 
1684 195 
1685 195 
1686 195 
1687 195 
1688 195 
1689 195 
1690 195 
1691 195 
1692 195 
1693 195 
1694 195 
1695 195 
1696 195 61 
1697 195 43 
1698 195 
1699 195 
1700 195 1699 
1701 195 92 
1702 195 
1703 195 
1704 195 
1705 195 
1706 195 
1707 195 
1708 195 
1709 195 
1710 195 
1711 195 
1712 195 1472 
1713 195 
1714 195 
1715 195 31 
1716 195 
1717 195 
1718 195 
1719 195 
1720 195 
1721 195 
1722 195 
1723 195 
1724 195 
1725 195 
1726 195 
1727 195 
1728 195 65 
1729 195 
1730 195 
1731 195 
1732 195 
1733 195 
1734 195 
1735 195 
1736 195 218 
1737 195 
1738 195 
1739 195 
1740 195 
1741 195 
1742 195 
1743 195 
1744 195 
1745 195 
1746 195 
1747 195 
1748 195 
1749 195 
1750 195 
1751 195 1750 
1752 195 
1753 195 
1754 195 
1755 195 
1756 195 
1757 195 
1758 195 1757 
1759 195 
1760 195 
1761 195 
1762 195 
1763 195 
1764 195 
1765 195 
1766 195 
1767 195 
1768 195 
1769 195 113 
1770 195 
1771 195 1699 
1772 195 
1773 195 
1774 195 
1775 195 
1776 195 
1777 195 
1778 195 
1779 195 
1780 195 
1781 195 
1782 195 
1783 195 
1784 195 
1785 195 
1786 195 
1787 195 
1788 195 
1789 195 
1790 195 
1791 195 115 117 
1792 195 
1793 195 
1794 195 
1795 195 
1796 195 
1797 195 
1798 195 
1799 195 
1800 195 
1801 195 
1802 195 
1803 195 
1804 195 
1805 195 
1806 195 
1807 195 
1808 195 
1809 195 
1810 195 
1811 195 
1812 195 
1813 195 
1814 195 
1815 195 
1816 195 
1817 195 
1818 195 
1819 195 
1820 195 
1821 195 
1822 195 
1823 195 
1824 195 
1825 195 
1826 195 
1827 195 
1828 195 
1829 195 
1830 195 1829 
1831 195 
1832 195 
1833 195 
1834 195 
1835 195 
1836 195 
1837 195 
1838 195 
1839 195 
1840 195 
1841 195 1216 
1842 195 
1843 195 
1844 195 
1845 195 
1846 195 
1847 195 
1848 195 
1849 195 
1850 195 
1851 195 
1852 195 
1853 195 
1854 195 
1855 195 
1856 195 
1857 195 529 
1858 195 
1859 195 
1860 195 
1861 195 
1862 195 
1863 195 
1864 195 
1865 195 
1866 195 
1867 195 
1868 195 
1869 195 
1870 195 
1871 195 
1872 195 
1873 195 
1874 195 
1875 195 
1876 195 
1877 195 1750 
1878 195 
1879 195 
1880 195 
1881 195 
1882 195 115 117 
1883 195 
1884 195 
1885 195 
1886 195 
1887 195 
1888 195 
1889 195 
1890 195 
1891 195 
1892 195 
1893 195 
1894 195 
1895 195 
1896 195 
1897 195 
1898 195 
1899 195 
1900 195 
1901 195 
1902 195 
1903 195 
1904 195 
1905 195 
1906 195 
1907 195 
1908 195 
1909 195 1908 
1910 195 
1911 195 
1912 195 
1913 195 
1914 195 1913 
1915 195 1913 
1916 195 1913 
1917 195 1913 
1918 195 1913 
1919 195 1913 
1920 195 1913 
1921 195 
1922 195 
1923 195 
1924 195 
1925 195 
1926 195 
1927 195 
1928 195 
1929 195 
1930 195 
1931 195 
1932 195 
1933 195 
1934 195 
1935 195 
1936 195 
1937 195 
1938 195 
1939 195 92 
1940 195 
1941 195 65 
1942 195 
1943 195 105 106 
1944 195 
1945 195 
1946 195 
1947 195 
1948 195 1947 
1949 195 
1950 195 
1951 195 
1952 195 
1953 195 
1954 195 
1955 195 
1956 195 
1957 195 1956 
1958 195 
1959 195 
1960 195 
1961 195 
1962 195 
1963 195 
1964 195 
1965 195 
1966 195 
1967 195 
1968 195 
1969 195 
1970 195 
1971 195 
1972 195 
1973 195 
1974 195 
1975 195 
1976 195 
1977 195 
1978 195 
1979 195 
1980 195 
1981 195 
1982 195 
1983 195 
1984 195 
1985 195 
1986 195 
1987 195 
1988 195 
1989 195 
1990 195 
1991 195 
1992 195 
1993 195 
1994 195 
1995 195 
1996 195 
1997 195 
1998 195 
1999 195 
2000 195 
2001 195 
2002 195 
2003 195 
2004 195 
2005 195 
2006 195 2005 
2007 195 1787 
2008 195 
2009 195 
2010 195 5 
2011 195 
2012 195 
2013 195 
2014 195 
2015 195 
2016 195 
2017 195 
2018 195 
2019 195 
2020 195 
2021 195 
2022 195 
2023 195 
2024 195 
2025 195 
2026 195 
2027 195 
2028 195 
2029 195 
2030 195 
2031 195 
2032 195 
2033 195 
2034 195 
2035 195 
2036 195 96 
2037 195 176 
2038 195 
2039 195 
2040 195 
2041 195 
2042 195 
2043 195 
2044 195 
2045 195 
2046 195 59 
2047 195 
2048 195 
2049 195 
2050 195 
2051 195 
2052 195 
2053 195 
2054 195 
2055 195 
2056 195 
2057 195 
2058 195 
2059 195 
2060 195 
2061 195 
2062 195 
2063 195 
2064 195 
2065 195 
2066 195 
2067 195 
2068 195 
2069 195 
2070 195 
2071 195 
2072 195 
2073 195 
2074 195 
2075 195 
2076 195 
2077 195 
2078 195 
2079 195 
2080 195 
2081 195 
2082 195 
2083 195 
2084 195 
2085 195 
2086 195 
2087 195 167 
2088 195 
2089 195 
2090 195 
2091 195 1566 
2092 195 
2093 195 498 
2094 195 
2095 195 
2096 195 
2097 195 
2098 195 
2099 195 
2100 195 
2101 195 2100 
2102 195 
2103 195 
2104 195 
2105 195 
2106 195 2106 
2107 195 2106 
2108 195 
2109 195 2108 
2110 195 
2111 195 
2112 195 
2113 195 
2114 195 2113 
2115 195 2113 
2116 195 2113 
2117 195 2113 
2118 195 
2119 195 
2120 195 
2121 195 
2122 195 
2123 195 
2124 195 
2125 195 
2126 195 
2127 195 
2128 195 
2129 195 
2130 195 
2131 195 
2132 195 
2133 195 
2134 195 
2135 195 118 124 
2136 195 1750 
2137 195 
2138 195 
2139 195 
2140 195 419 
2141 195 33 
2142 195 
2143 195 
2144 195 
2145 195 
2146 195 
2147 195 
2148 195 
2149 195 
2150 195 
2151 195 
2152 195 
2153 195 
2154 195 
2155 195 
2156 195 
2157 195 
2158 195 
2159 195 
2160 195 
2161 195 
2162 195 
2163 195 
2164 195 
2165 195 2164 
2166 195 78 
2167 195 
2168 195 
2169 195 
2170 195 
2171 195 
2172 195 
2173 195 
2174 195 
2175 195 
2176 195 
2177 195 
2178 195 
2179 195 
2180 195 
2181 195 1472 
2182 195 
2183 195 
2184 195 
2185 195 
2186 195 
2187 195 
2188 195 
2189 195 
2190 195 
2191 195 
2192 195 
2193 195 
2194 195 
2195 195 
2196 195 
2197 195 
2198 195 
2199 195 
2200 195 
2201 195 
2202 195 
2203 195 
2204 195 
2205 195 
2206 195 
2207 195 
2208 195 
2209 195 
2210 195 
2211 195 
2212 195 
2213 195 
2214 195 
2215 195 
2216 195 
2217 195 
2218 195 
2219 195 
2220 195 
2221 195 
2222 195 
2223 195 
2224 195 
2225 195 
2226 195 
2227 195 
2228 195 
2229 195 
2230 195 
2231 195 7 
2232 195 
2233 195 
2234 195 
2235 195 
2236 195 
2237 195 36 695 
2238 195 
2239 195 
2240 195 
2241 195 
2242 195 
2243 195 
2244 195 
2245 195 
2246 195 935 
2247 195 
2248 195 
2249 195 
2250 195 
2251 195 
2252 195 
2253 195 
2254 195 
2255 195 
2256 195 
2257 195 2256 
2258 195 
2259 195 
2260 195 
2261 195 
2262 195 
2263 195 727 
2264 195 
2265 195 
2266 195 169 
2267 195 
2268 195 
2269 195 
2270 195 
2271 195 
2272 195 
2273 195 
2274 195 
2275 195 
2276 195 78 2256 
2277 195 
2278 195 72 
2279 195 
2280 195 2279 
2281 195 
2282 195 
2283 195 
2284 195 
2285 195 
2286 195 118 133 135 
2287 195 
2288 195 1076 
2289 195 
2290 195 
2291 195 
2292 195 
2293 195 
2294 195 
2295 195 28 
2296 195 
2297 195 118 128 
2298 195 
2299 195 
2300 195 
2301 195 
2302 195 
2303 195 
2304 195 
2305 195 
2306 195 
2307 195 2190 
2308 195 
2309 195 
2310 195 118 120 
2311 195 
2312 195 
2313 195 
2314 195 
2315 195 
2316 195 
2317 195 2316 
2318 195 
2319 195 2318 
2320 195 
2321 195 
2322 195 
2323 195 
2324 195 
2325 195 1549 
2326 195 
2327 195 
2328 195 
2329 195 
2330 195 
2331 195 
2332 195 
2333 195 
2334 195 
2335 195 1999 
2336 195 
2337 195 
2338 195 
2339 195 
2340 195 
2341 195 
2342 195 
2343 195 93 
2344 195 
2345 195 
2346 195 
2347 195 2346 
2348 195 
2349 195 
2350 195 
2351 195 
2352 195 
2353 195 
2354 195 
2355 195 
2356 195 
2357 195 
2358 195 
2359 195 
2360 195 78 
2361 195 
2362 195 
2363 195 
2364 195 
2365 195 
2366 195 1472 
2367 195 
2368 195 
2369 195 
2370 195 
2371 195 
2372 195 
2373 195 
2374 195 775 
2375 195 
2376 195 
2377 195 
2378 195 
2379 195 
2380 195 
2381 195 
2382 195 
2383 195 
2384 195 
2385 195 
2386 195 
2387 195 2386 
2388 195 2386 
2389 195 
2390 195 
2391 195 
2392 195 
2393 195 
2394 195 
2395 195 
2396 195 
2397 195 
2398 195 
2399 195 
2400 195 2394 
2401 195 
2402 195 
2403 195 
2404 195 
2405 195 
2406 195 
2407 195 
2408 195 
2409 195 
2410 195 
2411 195 
2412 195 
2413 195 
2414 195 
2415 195 
2416 195 
2417 195 
2418 195 
2419 195 
2420 195 
2421 195 
2422 195 
2423 195 
2424 195 
2425 195 
2426 195 158 
2427 195 
2428 195 
2429 195 
2430 195 151 
2431 195 1285 
2432 195 
2433 195 
2434 195 
2435 195 
2436 195 
2437 195 
2438 195 
2439 195 
2440 195 
2441 195 
2442 195 
2443 195 
2444 195 
2445 195 
2446 195 
2447 195 
2448 195 
2449 195 
2450 195 
2451 195 
2452 195 
2453 195 
2454 195 
2455 195 
2456 195 
2457 195 
2458 195 
2459 195 
2460 195 
2461 195 
2462 195 
2463 195 
2464 195 
2465 195 
2466 195 
2467 195 
2468 195 
2469 195 
2470 195 
2471 195 
2472 195 
2473 195 
2474 195 
2475 195 
2476 195 54 
2477 195 
2478 195 
2479 195 
2480 195 2479 
2481 195 
2482 195 
2483 195 
2484 195 
2485 195 
2486 195 
2487 195 2486 
2488 195 
2489 195 
2490 195 
2491 195 
2492 195 
2493 195 
2494 195 
2495 195 
2496 195 
2497 195 
2498 195 
2499 195 
2500 195 
2501 195 
2502 195 1675 2450 
2503 195 
2504 195 
2505 195 
2506 195 
2507 195 15 
2508 195 
2509 195 
2510 195 
2511 195 
2512 195 
2513 195 
2514 195 2386 
2515 195 
2516 195 
2517 195 727 
2518 195 35 
2519 195 
2520 195 
2521 195 1699 
2522 195 
2523 195 
2524 195 
2525 195 
2526 195 
2527 195 
2528 195 
2529 195 
2530 195 
2531 195 
2532 195 
2533 195 
2534 195 2533 
2535 195 
2536 195 
2537 195 
2538 195 2537 
2539 195 
2540 195 
2541 195 
2542 195 
2543 195 
2544 195 
2545 195 
2546 195 
2547 195 
2548 195 
2549 195 
2550 195 
2551 195 
2552 195 
2553 195 
2554 195 
2555 195 
2556 195 
2557 195 
2558 195 
2559 195 
2560 195 
2561 195 
2562 195 2561 
2563 195 
2564 195 
2565 195 
2566 195 
2567 195 
2568 195 2567 
2569 195 
2570 195 
2571 195 
2572 195 
2573 195 
2574 195 
2575 195 
2576 195 
2577 195 
2578 195 
2579 195 
2580 195 
2581 195 
2582 195 
2583 195 
2584 195 
2585 195 
2586 195 
2587 195 
2588 195 2587 
2589 195 
2590 195 
2591 195 
2592 195 
2593 195 
2594 195 
2595 195 
2596 195 
2597 195 
2598 195 
2599 195 
2600 195 
2601 195 
2602 195 
2603 195 
2604 195 
2605 195 
2606 195 
2607 195 260 
2608 195 
2609 195 1344 
2610 195 
2611 195 
2612 195 
2613 195 
2614 195 118 119 
2615 195 78 25 
2616 195 167 
2617 195 
2618 195 2617 
2619 195 2617 
2620 195 
2621 195 
2622 195 
2623 195 
2624 195 
2625 195 
2626 195 
2627 195 
2628 195 
2629 195 
2630 195 
2631 195 118 131 
2632 195 
2633 195 
2634 195 
2635 195 
2636 195 
2637 195 
2638 195 
2639 195 
2640 195 
2641 195 
2642 195 
2643 195 
2644 195 
2645 195 
2646 195 25 26 
2647 195 
2648 195 
2649 195 
2650 195 
2651 195 
2652 195 
2653 195 
2654 195 
2655 195 
2656 195 
2657 195 
2658 195 
2659 195 
2660 195 
2661 195 
2662 195 
2663 195 
2664 195 
2665 195 
2666 195 2665 
2667 195 
2668 195 
2669 195 
2670 195 
2671 195 
2672 195 
2673 195 
2674 195 
2675 195 
2676 195 
2677 195 
2678 195 
2679 195 111 2679 
2680 195 111 2679 
2681 195 
2682 195 
2683 195 
2684 195 155 
2685 195 
2686 195 53 
2687 195 
2688 195 
2689 195 
2690 195 
2691 195 
2692 195 2692 
2693 195 
2694 195 1806 
2695 195 
2696 195 
2697 195 
2698 195 
2699 195 
2700 195 
2701 195 
2702 195 727 
2703 195 
2704 195 
2705 195 
2706 195 167 140 
2707 195 
2708 195 
2709 195 
2710 195 
2711 195 
2712 195 
2713 195 
2714 195 
2715 195 
2716 195 
2717 195 
2718 195 
2719 195 
2720 195 157 
2721 195 
2722 195 
2723 195 
2724 195 
2725 195 
2726 195 
2727 195 96 2727 
2728 195 
2729 195 
2730 195 
2731 195 
2732 195 
2733 195 
2734 195 
2735 195 
2736 195 2736 
2737 195 2736 
2738 195 
2739 195 
2740 195 
2741 195 
2742 195 
2743 195 
2744 195 
2745 195 
2746 195 
2747 195 
2748 195 
2749 195 
2750 195 
2751 195 
2752 195 2751 
2753 195 
2754 195 
2755 195 
2756 195 
2757 195 
2758 195 
2759 195 
2760 195 
2761 195 
2762 195 2762 
2763 195 2256 
2764 195 
2765 195 
2766 195 
2767 195 
2768 195 33 
2769 195 118 133 134 
2770 195 
2771 195 1674 
2772 195 
2773 195 
2774 195 2047 
2775 195 
2776 195 
2777 195 
2778 195 
2779 195 
2780 195 2435 
2781 195 1088 
2782 195 
2783 195 
2784 195 2783 
2785 195 
2786 195 
2787 195 
2788 195 
2789 195 
2790 195 
2791 195 
2792 195 
2793 195 
2794 195 
2795 195 
2796 195 
2797 195 
2798 195 
2799 195 
2800 195 
2801 195 
2802 195 2801 46 
2803 195 2801 
2804 195 2801 
2805 195 
2806 195 
2807 195 
2808 195 
2809 195 
2810 195 
2811 195 
2812 195 
2813 195 
2814 195 
2815 195 
2816 195 
2817 195 
2818 195 
2819 195 
2820 195 
2821 195 111 
2822 195 
2823 195 
2824 195 
2825 195 
2826 195 
2827 195 
2828 195 
2829 195 
2830 195 
2831 195 
2832 195 
2833 195 
2834 195 
2835 195 
2836 195 
2837 195 2836 
2838 195 
2839 195 
2840 195 
2841 195 
2842 195 
2843 195 
2844 195 
2845 195 
2846 195 
2847 195 2308 
2848 195 
2849 195 
2850 195 
2851 195 1428 
2852 195 
2853 195 
2854 195 
2855 195 
2856 195 
2857 195 
2858 195 
2859 195 
2860 195 
2861 195 
2862 195 
2863 195 
2864 195 
2865 195 
2866 195 
2867 195 
2868 195 
2869 195 
2870 195 
2871 195 
2872 195 
2873 195 
2874 195 
2875 195 
2876 195 
2877 195 
2878 195 
2879 195 
2880 195 
2881 195 
2882 195 
2883 195 151 22 775 
2884 195 
2885 195 2885 
2886 195 
2887 195 2887 
2888 195 
2889 195 
2890 195 
2891 195 
2892 195 
2893 195 
2894 195 
2895 195 46 
2896 195 
2897 195 2896 
2898 195 2896 
2899 195 
2900 195 
2901 195 
2902 195 
2903 195 
2904 195 
2905 195 
2906 195 
2907 195 
2908 195 
2909 195 
2910 195 2909 
2911 195 
2912 195 
2913 195 
2914 195 
2915 195 
2916 195 2915 
2917 195 
2918 195 
2919 195 
2920 195 149 
2921 195 1699 
2922 195 
2923 195 
2924 195 
2925 195 
2926 195 
2927 195 
2928 195 1275 184 
2929 195 
2930 195 
2931 195 
2932 195 
2933 195 2896 
2934 195 
2935 195 
2936 195 
2937 195 
2938 195 
2939 195 
2940 195 
2941 195 
2942 195 
2943 195 
2944 195 
2945 195 
2946 195 
2947 195 
2948 195 
2949 195 
2950 195 
2951 195 
2952 195 
2953 195 
2954 195 
2955 195 
2956 195 
2957 195 
2958 195 
2959 195 2958 
2960 195 
2961 195 
2962 195 
2963 195 
2964 195 
2965 195 
2966 195 
2967 195 
2968 195 105 107 
2969 195 
2970 195 
2971 195 
2972 195 
2973 195 
2974 195 
2975 195 2974 
2976 195 2974 
2977 195 2974 
2978 195 2974 
2979 195 2974 2978 
2980 195 2974 
2981 195 
2982 195 529 
2983 195 
2984 195 2736 1526 
2985 195 
2986 195 
2987 195 
2988 195 529 28 2988 
2989 195 
2990 195 98 101 
2991 195 
2992 195 1072 
2993 195 
2994 195 
2995 195 
2996 195 
2997 195 
2998 195 
2999 195 2998 
3000 195 43 2998 44 
3001 195 118 2998 128 
3002 195 
3003 195 
3004 195 
3005 195 3004 
3006 195 
3007 195 
3008 195 
3009 195 
3010 195 11 3009 
3011 195 
3012 195 3011 
3013 195 
3014 195 
3015 195 
3016 195 
3017 195 3016 
3018 195 
3019 195 
3020 195 
3021 195 
3022 195 
3023 195 
3024 195 
3025 195 
3026 195 
3027 195 
3028 195 
3029 195 
3030 195 
3031 195 
3032 195 
3033 195 
3034 195 
3035 195 
3036 195 
3037 195 
3038 195 
3039 195 
3040 195 
3041 195 
3042 195 
3043 195 
3044 195 
3045 195 
3046 195 
3047 195 
3048 195 
3049 195 
3050 195 
3051 195 
3052 195 
3053 195 
3054 195 
3055 195 
3056 195 112 
3057 195 
3058 195 
3059 195 1286 3058 
3060 195 3058 
3061 195 3058 
3062 195 
3063 195 113 
3064 195 18 
3065 195 
3066 195 
3067 195 1076 729 
3068 195 
3069 195 
3070 195 
3071 195 
3072 195 
3073 195 1750 
3074 195 
3075 195 105 110 
3076 195 
3077 195 1052 
3078 195 
3079 195 78 
3080 195 
3081 195 
3082 195 
3083 195 
3084 195 
3085 195 
3086 195 
3087 195 
3088 195 
3089 195 
3090 195 
3091 195 
3092 195 
3093 195 
3094 195 
3095 195 
3096 195 
3097 195 
3098 195 
3099 195 
3100 195 7 2231 
3101 195 
3102 195 11 
3103 195 11 3102 
3104 195 11 3102 
3105 195 
3106 195 
3107 195 
3108 195 
3109 195 
3110 195 
3111 195 
3112 195 
3113 195 
3114 195 
3115 195 
3116 195 
3117 195 
3118 195 
3119 195 1750 
3120 195 1750 3119 
3121 195 
3122 195 
3123 195 
3124 195 1428 
3125 195 
3126 195 
3127 195 1312 
3128 195 
3129 195 
3130 195 
3131 195 
3132 195 186 190 
3133 195 2104 
3134 195 
3135 195 
3136 195 
3137 195 
3138 195 
3139 195 
3140 195 
3141 195 158 3140 
3142 195 
3143 195 2346 
3144 195 
3145 195 3144 
3146 195 
3147 195 
3148 195 
3149 195 
3150 195 
3151 195 
3152 195 
3153 195 
3154 195 55 56 
3155 195 
3156 195 
3157 195 
3158 195 
3159 195 149 
3160 195 25 26 
3161 195 
3162 195 
3163 195 
3164 195 184 
3165 195 
3166 195 
3167 195 
3168 195 
3169 195 
3170 195 
3171 195 
3172 195 2887 
3173 195 
3174 195 25 26 
3175 195 
3176 195 
3177 195 
3178 195 
3179 195 
3180 195 
3181 195 
3182 195 
3183 195 
3184 195 
3185 195 
3186 195 
3187 195 
3188 195 1388 2047 
3189 195 
3190 195 1750 2113 
3191 195 2974 
3192 195 
3193 195 105 106 
3194 195 
3195 195 
3196 195 
3197 195 
3198 195 105 2113 107 
3199 195 
3200 195 75 
3201 195 
3202 195 
3203 195 
3204 195 
3205 195 
3206 195 
3207 195 
3208 195 
3209 195 
3210 195 
3211 195 
3212 195 
3213 195 
3214 195 
3215 195 727 
3216 195 
3217 195 
3218 195 
3219 195 98 3219 
3220 195 2938 
3221 195 
3222 195 
3223 195 
3224 195 
3225 195 105 107 
3226 195 
3227 195 
3228 195 
3229 195 
3230 195 
3231 195 
3232 195 
3233 195 3232 
3234 195 
3235 195 
3236 195 
3237 195 
3238 195 
3239 195 
3240 195 
3241 195 
3242 195 
3243 195 
3244 195 1276 
3245 195 
3246 195 
3247 195 
3248 195 137 
3249 195 137 3248 
3250 195 1550 
3251 195 
3252 195 
3253 195 
3254 195 
3255 195 1472 2181 
3256 195 
3257 195 
3258 195 
3259 195 
3260 195 3259 
3261 195 3259 
3262 195 3259 
3263 195 3259 
3264 195 
3265 195 
3266 195 2801 
3267 195 
3268 195 
3269 195 
3270 195 
3271 195 
3272 195 
3273 195 
3274 195 
3275 195 
3276 195 
3277 195 
3278 195 
3279 195 3278 
3280 195 
3281 195 3281 
3282 195 3281 1784 
3283 195 3281 
3284 195 3281 
3285 195 3281 
3286 195 25 3281 564 
3287 195 
3288 195 
3289 195 
3290 195 
3291 195 
3292 195 3291 
3293 195 
3294 195 
3295 195 
3296 195 
3297 195 
3298 195 
3299 195 
3300 195 
3301 195 
3302 195 
3303 195 
3304 195 
3305 195 
3306 195 
3307 195 
3308 195 
3309 195 
3310 195 
3311 195 
3312 195 
3313 195 
3314 195 
3315 195 
3316 195 
3317 195 
3318 195 118 121 
3319 195 
3320 195 2974 2896 
3321 195 
3322 195 3321 
3323 195 
3324 195 3323 2479 
3325 195 3323 
3326 195 3323 
3327 195 3323 3121 
3328 195 
3329 195 
3330 195 
3331 195 
3332 195 
3333 195 
3334 195 
3335 195 
3336 195 3336 
3337 195 3336 
3338 195 
3339 195 
3340 195 
3341 195 
3342 195 
3343 195 
3344 195 
3345 195 
3346 195 46 
3347 195 
3348 195 
3349 195 935 
3350 195 935 
3351 195 
3352 195 
3353 195 118 2958 119 294 
3354 195 
3355 195 
3356 195 
3357 195 3356 
3358 195 
3359 195 
3360 195 
3361 195 
3362 195 
3363 195 
3364 195 105 110 
3365 195 
3366 195 
3367 195 3367 
3368 195 3367 
3369 195 3367 
3370 195 
3371 195 
3372 195 
3373 195 
3374 195 
3375 195 
3376 195 
3377 195 
3378 195 
3379 195 
3380 195 
3381 195 
3382 195 
3383 195 
3384 195 
3385 195 
3386 195 
3387 195 
3388 195 
3389 195 
3390 195 
3391 195 
3392 195 
3393 195 137 
3394 195 137 3393 
3395 195 137 3393 
3396 195 
3397 195 
3398 195 11 13 
3399 195 
3400 195 76 
3401 195 418 
3402 195 
3403 195 
3404 195 
3405 195 
3406 195 
3407 195 
3408 195 
3409 195 
3410 195 
3411 195 
3412 195 
3413 195 2256 
3414 195 
3415 195 
3416 195 
3417 195 
3418 195 
3419 195 
3420 195 118 124 
3421 195 529 
3422 195 
3423 195 
3424 195 
3425 195 
3426 195 
3427 195 63 
3428 195 
3429 195 
3430 195 55 1699 
3431 195 
3432 195 
3433 195 
3434 195 
3435 195 
3436 195 2827 
3437 195 
3438 195 36 
3439 195 
3440 195 
3441 195 54 
3442 195 
3443 195 1446 
3444 195 
3445 195 
3446 195 
3447 195 
3448 195 
3449 195 
3450 195 
3451 195 
3452 195 76 
3453 195 76 3452 
3454 195 76 3452 
3455 195 
3456 195 1297 
3457 195 
3458 195 
3459 195 
3460 195 3459 
3461 195 3459 
3462 195 3459 
3463 195 
3464 195 
3465 195 3464 
3466 195 
3467 195 
3468 195 
3469 195 
3470 195 
3471 195 
3472 195 
3473 195 
3474 195 
3475 195 3474 
3476 195 3474 
3477 195 
3478 195 
3479 195 
3480 195 
3481 195 
3482 195 
3483 195 
3484 195 
3485 195 
3486 195 727 3485 
3487 195 3485 
3488 195 105 110 3485 
3489 195 3485 
3490 195 
3491 195 
3492 195 
3493 195 
3494 195 
3495 195 
3496 195 28 2479 
3497 195 
3498 195 
3499 195 
3500 195 7 61 
3501 195 63 
3502 195 
3503 195 
3504 195 112 
3505 195 142 
3506 195 
3507 195 176 69 
3508 195 78 
3509 195 
3510 195 
3511 195 
3512 195 
3513 195 
3514 195 
3515 195 
3516 195 
3517 195 
3518 195 
3519 195 
3520 195 
3521 195 
3522 195 
3523 195 3522 
3524 195 
3525 195 824 
3526 195 
3527 195 
3528 195 
3529 195 
3530 195 
3531 195 
3532 195 
3533 195 
3534 195 
3535 195 
3536 195 2998 693 93 
3537 195 
3538 195 1472 1120 
3539 195 
3540 195 76 
3541 195 
3542 195 
3543 195 
3544 195 
3545 195 
3546 195 
3547 195 
3548 195 
3549 195 
3550 195 
3551 195 
3552 195 1051 
3553 195 
3554 195 
3555 195 
3556 195 
3557 195 
3558 195 
3559 195 
3560 195 3197 
3561 195 
3562 195 
3563 195 71 
3564 195 
3565 195 
3566 195 118 
3567 195 
3568 195 
3569 195 3568 
3570 195 3568 
3571 195 3568 
3572 195 
3573 195 
3574 195 
3575 195 
3576 195 
3577 195 
3578 195 
3579 195 
3580 195 
3581 195 
3582 195 
3583 195 
3584 195 11 3583 13 
3585 195 76 3583 1043 
3586 195 3323 3583 
3587 195 
3588 195 
3589 195 
3590 195 
3591 195 
3592 195 3591 
3593 195 
3594 195 
3595 195 3594 
3596 195 
3597 195 
3598 195 
3599 195 
3600 195 
3601 195 
3602 195 
3603 195 
3604 195 1607 
3605 195 
3606 195 
3607 195 
3608 195 
3609 195 
3610 195 
3611 195 
3612 195 
3613 195 
3614 195 
3615 195 3614 
3616 195 
3617 195 
3618 195 
3619 195 3618 
3620 195 
3621 195 3620 
3622 195 3620 
3623 195 
3624 195 118 130 
3625 195 
3626 195 
3627 195 3626 
3628 195 
3629 195 
3630 195 
3631 195 
3632 195 
3633 195 
3634 195 1276 1861 
3635 195 
3636 195 179 
3637 195 
3638 195 1537 
3639 195 
3640 195 61 
3641 195 175 
3642 195 118 133 135 
3643 195 55 
3644 195 
3645 195 
3646 195 
3647 195 
3648 195 
3649 195 
3650 195 
3651 195 111 
3652 195 
3653 195 
3654 195 7 1388 9 
3655 195 
3656 195 96 
3657 195 155 
3658 195 2232 
3659 195 
3660 195 
3661 195 
3662 195 2256 
3663 195 
3664 195 
3665 195 
3666 195 
3667 195 2070 
3668 195 
3669 195 2974 
3670 195 
3671 195 
3672 195 3583 
3673 195 
3674 195 1276 
3675 195 
3676 195 
3677 195 55 
3678 195 
3679 195 
3680 195 
3681 195 169 171 
3682 195 
3683 195 2617 1510 
3684 195 
3685 195 
3686 195 
3687 195 
3688 195 3281 
3689 195 
3690 195 2224 
3691 195 
3692 195 
3693 195 3367 
3694 195 
3695 195 
3696 195 118 119 
3697 195 
3698 195 
3699 195 
3700 195 
3701 195 
3702 195 
3703 195 
3704 195 
3705 195 1472 
3706 195 
3707 195 
3708 195 
3709 195 
3710 195 
3711 195 1566 
3712 195 
3713 195 
3714 195 
3715 195 
3716 195 
3717 195 
3718 195 
3719 195 
3720 195 69 3594 
3721 195 
3722 195 
3723 195 
3724 195 
3725 195 118 128 
3726 195 65 
3727 195 
3728 195 
3729 195 
3730 195 
3731 195 
3732 195 
3733 195 
3734 195 96 
3735 195 
3736 195 
3737 195 
3738 195 
3739 195 
3740 195 
3741 195 
3742 195 64 
3743 195 
3744 195 
3745 195 
3746 195 
3747 195 
3748 195 3747 
3749 195 
3750 195 
3751 195 
3752 195 
3753 195 
3754 195 
3755 195 
3756 195 
3757 195 169 76 3452 
3758 195 
3759 195 
3760 195 3760 
3761 195 3760 
3762 195 
3763 195 175 
3764 195 
3765 195 
3766 195 
3767 195 
3768 195 693 
3769 195 
3770 195 
3771 195 
3772 195 
3773 195 
3774 195 
3775 195 
3776 195 
3777 195 
3778 195 
3779 195 
3780 195 
3781 195 2617 3780 
3782 195 
3783 195 
3784 195 
3785 195 
3786 195 
3787 195 
3788 195 
3789 195 76 2896 
3790 195 
3791 195 1195 
3792 195 167 
3793 195 
3794 195 
3795 195 
3796 195 
3797 195 
3798 195 2617 
3799 195 
3800 195 
3801 195 
3802 195 
3803 195 
3804 195 
3805 195 
3806 195 
3807 195 
3808 195 301 
3809 195 
3810 195 153 
3811 195 
3812 195 
3813 195 
3814 195 
3815 195 
3816 195 
3817 195 
3818 195 
3819 195 
3820 195 
3821 195 
3822 195 
3823 195 
3824 195 
3825 195 
3826 195 
3827 195 
3828 195 
3829 195 
3830 195 3829 
3831 195 
3832 195 
3833 195 1388 
3834 195 
3835 195 3568 
3836 195 
3837 195 
3838 195 
3839 195 
3840 195 2346 
3841 195 
3842 195 
3843 195 179 
3844 195 
3845 195 
3846 195 
3847 195 2346 31 
3848 195 
3849 195 
3850 195 
3851 195 
3852 195 
3853 195 105 106 
3854 195 105 106 3853 
3855 195 
3856 195 
3857 195 
3858 195 935 
3859 195 1286 
3860 195 
3861 195 
3862 195 
3863 195 2887 3862 
3864 195 
3865 195 
3866 195 
3867 195 
3868 195 
3869 195 
3870 195 
3871 195 1076 
3872 195 
3873 195 
3874 195 
3875 195 118 133 134 
3876 195 
3877 195 3259 
3878 195 
3879 195 
3880 195 3879 
3881 195 2005 3879 
3882 195 529 
3883 195 
3884 195 2719 
3885 195 
3886 195 
3887 195 
3888 195 59 
3889 195 147 93 102 
3890 195 
3891 195 
3892 195 
3893 195 153 
3894 195 1517 
3895 195 
3896 195 
3897 195 
3898 195 
3899 195 
3900 195 
3901 195 
3902 195 529 
3903 195 999 
3904 195 47 
3905 195 
3906 195 
3907 195 
3908 195 
3909 195 
3910 195 
3911 195 5 
3912 195 
3913 195 529 
3914 195 
3915 195 
3916 195 
3917 195 
3918 195 
3919 195 
3920 195 
3921 195 3920 
3922 195 3920 
3923 195 3920 
3924 195 3920 
3925 195 3920 
3926 195 3920 
3927 195 
3928 195 727 
3929 195 39 1615 
3930 195 22 
3931 195 
3932 195 
3933 195 3932 720 
3934 195 3932 
3935 195 3932 
3936 195 118 3932 131 
3937 195 3932 140 3259 
3938 195 
3939 195 
3940 195 3940 
3941 195 3940 
3942 195 78 3940 
3943 195 
3944 195 2896 
3945 195 
3946 195 
3947 195 
3948 195 
3949 195 
3950 195 
3951 195 
3952 195 
3953 195 
3954 195 
3955 195 
3956 195 
3957 195 999 
3958 195 
3959 195 
3960 195 
3961 195 3932 
3962 195 3932 3961 
3963 195 
3964 195 
3965 195 
3966 195 
3967 195 3 
3968 195 164 
3969 195 
3970 195 
3971 195 369 
3972 195 
3973 195 
3974 195 
3975 195 104 
3976 195 
3977 195 
3978 195 
3979 195 
3980 195 137 
3981 195 2047 
3982 195 
3983 195 
3984 195 
3985 195 1699 
3986 195 
3987 195 46 
3988 195 
3989 195 
3990 195 
3991 195 
3992 195 
3993 195 
3994 195 
3995 195 
3996 195 
3997 195 515 
3998 195 118 124 
3999 195 3583 
4000 195 
4001 195 
4002 195 
4003 195 
4004 195 
4005 195 
4006 195 147 
4007 195 
4008 195 
4009 195 
4010 195 
4011 195 4010 
4012 195 
4013 195 
4014 195 
4015 195 
4016 195 
4017 195 
4018 195 
4019 195 
4020 195 
4021 195 
4022 195 
4023 195 4022 
4024 195 
4025 195 5 
4026 195 
4027 195 
4028 195 142 1275 
4029 195 
4030 195 
4031 195 
4032 195 18 
4033 195 140 
4034 195 
4035 195 
4036 195 
4037 195 4036 
4038 195 
4039 195 2 
4040 195 
4041 195 2985 
4042 195 
4043 195 
4044 195 
4045 195 
4046 195 
4047 195 
4048 195 
4049 195 
4050 195 
4051 195 
4052 195 2801 
4053 195 
4054 195 
4055 195 
4056 195 59 
4057 195 
4058 195 
4059 195 2998 4058 
4060 195 1675 
4061 195 
4062 195 
4063 195 
4064 195 217 
4065 195 
4066 195 
4067 195 
4068 195 
4069 195 
4070 195 
4071 195 
4072 195 
4073 195 
4074 195 
4075 195 
4076 195 
4077 195 1566 
4078 195 
4079 195 
4080 195 18 19 4079 
4081 195 1428 1641 
4082 195 
4083 195 
4084 195 
4085 195 
4086 195 
4087 195 
4088 195 
4089 195 
4090 195 
4091 195 
4092 195 
4093 195 
4094 195 
4095 195 4095 
4096 195 4095 
4097 195 4095 4096 
4098 195 2692 4095 
4099 195 2047 
4100 195 
4101 195 
4102 195 
4103 195 
4104 195 
4105 195 
4106 195 
4107 195 
4108 195 
4109 195 
4110 195 2896 
4111 195 
4112 195 
4113 195 3946 
4114 195 
4115 195 
4116 195 
4117 195 
4118 195 
4119 195 
4120 195 
4121 195 
4122 195 
4123 195 
4124 195 96 
4125 195 4125 
4126 195 
4127 195 
4128 195 
4129 195 
4130 195 
4131 195 
4132 195 
4133 195 
4134 195 
4135 195 
4136 195 4135 
4137 195 
4138 195 
4139 195 
4140 195 
4141 195 4140 
4142 195 
4143 195 7 9 
4144 195 
4145 195 138 
4146 195 
4147 195 
4148 195 
4149 195 
4150 195 
4151 195 
4152 195 
4153 195 
4154 195 
4155 195 
4156 195 169 7 171 780 
4157 195 2998 
4158 195 
4159 195 
4160 195 167 168 
4161 195 15 
4162 195 
4163 195 
4164 195 
4165 195 
4166 195 
4167 195 4167 
4168 195 4167 
4169 195 3920 
4170 195 3920 4169 
4171 195 118 3920 4169 124 
4172 195 3920 4169 
4173 195 
4174 195 
4175 195 
4176 195 1216 
4177 195 
4178 195 
4179 195 
4180 195 
4181 195 
4182 195 
4183 195 
4184 195 
4185 195 
4186 195 118 3920 4169 124 
4187 195 104 
4188 195 
4189 195 935 2736 4188 
4190 195 1681 
4191 195 
4192 195 
4193 195 
4194 195 3932 
4195 195 
4196 195 
4197 195 
4198 195 
4199 195 
4200 195 
4201 195 
4202 195 
4203 195 
4204 195 
4205 195 
4206 195 
4207 195 
4208 195 
4209 195 
4210 195 
4211 195 
4212 195 
4213 195 
4214 195 
4215 195 
4216 195 
4217 195 
4218 195 
4219 195 
4220 195 1913 
4221 195 2715 
4222 195 
4223 195 
4224 195 4223 
4225 195 
4226 195 
4227 195 
4228 195 
4229 195 3531 
4230 195 
4231 195 
4232 195 
4233 195 
4234 195 
4235 195 115 142 
4236 195 
4237 195 
4238 195 
4239 195 
4240 195 4239 2659 
4241 195 4239 
4242 195 
4243 195 
4244 195 
4245 195 
4246 195 
4247 195 7 149 9 113 
4248 195 
4249 195 
4250 195 3932 
4251 195 
4252 195 
4253 195 4252 
4254 195 369 
4255 195 
4256 195 
4257 195 
4258 195 
4259 195 
4260 195 
4261 195 1216 
4262 195 1100 
4263 195 
4264 195 
4265 195 
4266 195 
4267 195 
4268 195 
4269 195 3281 1428 1913 
4270 195 
4271 195 
4272 195 
4273 195 
4274 195 
4275 195 
4276 195 
4277 195 
4278 195 
4279 195 59 1467 
4280 195 
4281 195 
4282 195 
4283 195 140 
4284 195 155 
4285 195 
4286 195 1276 
4287 195 
4288 195 4287 1385 
4289 195 3367 
4290 195 
4291 195 
4292 195 
4293 195 
4294 195 3009 
4295 195 
4296 195 
4297 195 
4298 195 
4299 195 
4300 195 
4301 195 
4302 195 
4303 195 
4304 195 18 182 
4305 195 186 164 
4306 195 
4307 195 
4308 195 4307 
4309 195 4307 
4310 195 4307 
4311 195 4307 
4312 195 4307 4311 
4313 195 4307 4311 4312 
4314 195 4307 4311 4312 
4315 195 4307 4311 
4316 195 4307 164 4311 
4317 195 4307 
4318 195 4307 
4319 195 4307 
4320 195 4307 
4321 195 4307 4320 
4322 195 4307 4320 
4323 195 4307 4320 
4324 195 4307 4320 
4325 195 4307 4320 
4326 195 4307 4320 
4327 195 4307 
4328 195 4307 
4329 195 
4330 195 
4331 195 
4332 195 
4333 195 
4334 195 4333 
4335 195 
4336 195 
4337 195 4336 799 
4338 195 1893 
4339 195 1472 4339 
4340 195 
4341 195 153 176 
4342 195 
4343 195 76 1043 
4344 195 
4345 195 
4346 195 
4347 195 
4348 195 
4349 195 
4350 195 
4351 195 
4352 195 
4353 195 
4354 195 11 157 3102 1660 
4355 195 
4356 195 4355 
4357 195 105 106 4287 
4358 195 105 110 
4359 195 2386 
4360 195 
4361 195 
4362 195 
4363 195 1675 157 
4364 195 155 
4365 195 
4366 195 
4367 195 
4368 195 
4369 195 
4370 195 
4371 195 
4372 195 
4373 195 
4374 195 118 121 3583 
4375 195 78 151 
4376 195 
4377 195 
4378 195 
4379 195 
4380 195 
4381 195 
4382 195 
4383 195 1472 2 
4384 195 
4385 195 
4386 195 
4387 195 2346 
4388 195 2187 
4389 195 
4390 195 
4391 195 
4392 195 
4393 195 
4394 195 
4395 195 2617 59 2047 
4396 195 
4397 195 
4398 195 
4399 195 
4400 195 
4401 195 3259 696 
4402 195 
4403 195 
4404 195 
4405 195 4404 
4406 195 1472 4404 1473 
4407 195 4404 
4408 195 4404 1216 
4409 195 
4410 195 
4411 195 3568 
4412 195 3940 
4413 195 
4414 195 4413 
4415 195 4413 113 1443 
4416 195 4413 
4417 195 4413 
4418 195 4413 
4419 195 2617 
4420 195 
4421 195 118 124 35 
4422 195 118 119 
4423 195 
4424 195 
4425 195 179 112 3056 
4426 195 
4427 195 35 
4428 195 2005 
4429 195 
4430 195 
4431 195 155 1947 
4432 195 
4433 195 46 92 
4434 195 1913 59 
4435 195 596 
4436 195 4409 
4437 195 
4438 195 
4439 195 
4440 195 
4441 195 3940 77 
4442 195 
4443 195 179 
4444 195 4413 
4445 195 
4446 195 
4447 195 1346 
4448 195 
4449 195 
4450 195 
4451 195 
4452 195 
4453 195 2113 
4454 195 
4455 195 
4456 195 2 
4457 195 
4458 195 
4459 195 169 
4460 195 169 4460 
4461 195 169 4460 
4462 195 169 4460 
4463 195 169 4460 
4464 195 169 4460 
4465 195 169 4460 
4466 195 169 4460 
4467 195 169 4460 935 999 
4468 195 169 4460 1276 
4469 195 169 4459 
4470 195 169 4459 
4471 195 169 4459 
4472 195 169 4459 
4473 195 169 4459 153 
4474 195 
4475 195 2346 
4476 195 2443 
4477 195 
4478 195 
4479 195 
4480 195 
4481 195 
4482 195 
4483 195 
4484 195 529 
4485 195 
4486 195 
4487 195 
4488 195 
4489 195 
4490 195 
4491 195 160 
4492 195 
4493 195 
4494 195 
4495 195 1675 
4496 195 
4497 195 
4498 195 
4499 195 
4500 195 
4501 195 78 
4502 195 
4503 195 157 
4504 195 98 33 
4505 195 
4506 195 
4507 195 
4508 195 
4509 195 
4510 195 
4511 195 
4512 195 
4513 195 
4514 195 
4515 195 
4516 195 65 176 
4517 195 2958 64 
4518 195 118 121 346 
4519 195 
4520 195 
4521 195 
4522 195 
4523 195 
4524 195 4523 
4525 195 1947 
4526 195 
4527 195 28 
4528 195 3568 
4529 195 69 
4530 195 
4531 195 
4532 195 
4533 195 3281 
4534 195 
4535 195 4404 
4536 195 
4537 195 4536 
4538 195 102 
4539 195 
4540 195 4413 
4541 195 54 
4542 195 1750 
4543 195 186 190 
4544 195 
4545 195 4544 1285 
4546 195 4544 
4547 195 4307 4320 4544 
4548 195 118 121 1699 4544 
4549 195 4544 265 
4550 195 935 
4551 195 1093 
4552 195 
4553 195 118 133 134 
4554 195 
4555 195 
4556 195 
4557 195 118 120 2113 
4558 195 
4559 195 4404 
4560 195 25 
4561 195 
4562 195 
4563 195 
4564 195 
4565 195 4564 
4566 195 
4567 195 1566 35 2139 
4568 195 
4569 195 138 
4570 195 
4571 195 
4572 195 
4573 195 
4574 195 64 
4575 195 63 
4576 195 
4577 195 4576 
4578 195 4576 
4579 195 4576 
4580 195 4576 4579 
4581 195 4576 
4582 195 179 4576 
4583 195 4576 
4584 195 4576 176 
4585 195 
4586 195 
4587 195 
4588 195 
4589 195 
4590 195 137 3248 
4591 195 
4592 195 
4593 195 
4594 195 3920 4169 
4595 195 
4596 195 
4597 195 
4598 195 
4599 195 4598 
4600 195 
4601 195 89 
4602 195 
4603 195 118 133 134 1639 
4604 195 113 
4605 195 
4606 195 
4607 195 568 
4608 195 2801 
4609 195 72 
4610 195 77 
4611 195 
4612 195 167 168 3416 
4613 195 
4614 195 4576 
4615 195 4576 4614 
4616 195 
4617 195 
4618 195 
4619 195 
4620 195 
4621 195 
4622 195 
4623 195 3323 
4624 195 
4625 195 1472 63 
4626 195 
4627 195 
4628 195 
4629 195 
4630 195 64 
4631 195 186 
4632 195 
4633 195 2880 
4634 195 
4635 195 
4636 195 4636 
4637 195 4636 
4638 195 4636 
4639 195 2346 1851 
4640 195 
4641 195 
4642 195 112 
4643 195 
4644 195 
4645 195 
4646 195 
4647 195 158 
4648 195 158 4647 
4649 195 158 4647 163 
4650 195 
4651 195 
4652 195 
4653 195 40 
4654 195 
4655 195 
4656 195 4655 
4657 195 4655 
4658 195 
4659 195 
4660 195 2958 
4661 195 
4662 195 179 
4663 195 
4664 195 
4665 195 2974 
4666 195 
4667 195 89 
4668 195 
4669 195 3315 
4670 195 69 
4671 195 
4672 195 
4673 195 1076 
4674 195 
4675 195 
4676 195 
4677 195 
4678 195 
4679 195 169 4459 
4680 195 
4681 195 
4682 195 
4683 195 
4684 195 153 
4685 195 1798 
4686 195 61 31 
4687 195 
4688 195 4687 
4689 195 1428 3620 
4690 195 
4691 195 
4692 195 140 
4693 195 
4694 195 
4695 195 
4696 195 179 
4697 195 
4698 195 
4699 195 186 190 
4700 195 
4701 195 77 
4702 195 
4703 195 
4704 195 167 
4705 195 
4706 195 111 
4707 195 
4708 195 
4709 195 
4710 195 
4711 195 4576 1209 
4712 195 1276 
4713 195 4413 
4714 195 
4715 195 939 
4716 195 
4717 195 4716 
4718 195 
4719 195 
4720 195 
4721 195 3834 
4722 195 
4723 195 
4724 195 
4725 195 
4726 195 
4727 195 
4728 195 
4729 195 5 149 
4730 195 
4731 195 
4732 195 
4733 195 2958 
4734 195 
4735 195 
4736 195 612 
4737 195 
4738 195 
4739 195 
4740 195 1388 47 
4741 195 
4742 195 
4743 195 
4744 195 
4745 195 
4746 195 
4747 195 118 119 
4748 195 153 
4749 195 
4750 195 
4751 195 
4752 195 
4753 195 
4754 195 
4755 195 
4756 195 
4757 195 
4758 195 
4759 195 
4760 195 693 
4761 195 
4762 195 1286 
4763 195 
4764 195 
4765 195 
4766 195 
4767 195 1675 
4768 195 
4769 195 1428 34 
4770 195 1275 
4771 195 2 
4772 195 102 39 
4773 195 3009 
4774 195 3020 
4775 195 
4776 195 
4777 195 2974 
4778 195 
4779 195 
4780 195 
4781 195 
4782 195 
4783 195 118 133 135 
4784 195 98 
4785 195 
4786 195 
4787 195 
4788 195 
4789 195 40 
4790 195 369 370 
4791 195 76 
4792 195 3940 3367 
4793 195 1076 155 
4794 195 4307 11 4320 1076 2692 
4795 195 
4796 195 
4797 195 
4798 195 
4799 195 138 4145 
4800 195 2005 
4801 195 
4802 195 301 
4803 195 
4804 195 
4805 195 4804 
4806 195 4307 1428 4320 4336 
4807 195 2801 4598 
4808 195 118 133 
4809 195 
4810 195 
4811 195 164 
4812 195 
4813 195 
4814 195 
4815 195 
4816 195 
4817 195 
4818 195 169 4460 
4819 195 
4820 195 98 3219 
4821 195 
4822 195 
4823 195 115 117 
4824 195 3920 
4825 195 3920 4825 
4826 195 
4827 195 50 
4828 195 
4829 195 77 4828 
4830 195 164 
4831 195 1442 
4832 195 
4833 195 
4834 195 
4835 195 153 
4836 195 
4837 195 25 26 
4838 195 25 26 
4839 195 
4840 195 1275 3522 
4841 195 
4842 195 
4843 195 
4844 195 
4845 195 4844 
4846 195 
4847 195 
4848 195 
4849 195 4848 
4850 195 
4851 195 
4852 195 
4853 195 
4854 195 
4855 195 
4856 195 
4857 195 40 4857 
4858 195 2801 
4859 195 
4860 195 
4861 195 1699 4861 
4862 195 
4863 195 2998 4862 
4864 195 2174 
4865 195 
4866 195 1076 50 
4867 195 
4868 195 4867 
4869 195 4867 
4870 195 169 4460 4867 3323 
4871 195 4867 
4872 195 4867 
4873 195 4867 
4874 195 
4875 195 
4876 195 
4877 195 
4878 195 
4879 195 4878 
4880 195 
4881 195 
4882 195 
4883 195 
4884 195 93 31 
4885 195 
4886 195 4544 4546 4885 
4887 195 
4888 195 
4889 195 3058 
4890 195 2885 
4891 195 65 3522 
4892 195 147 
4893 195 
4894 195 
4895 195 
4896 195 
4897 195 
4898 195 118 4897 130 889 
4899 195 4897 
4900 195 4897 
4901 195 4897 112 
4902 195 4897 
4903 195 4897 
4904 195 158 98 
4905 195 0 
4906 195 
4907 195 118 133 3932 134 
4908 195 15 
4909 195 1699 
4910 195 
4911 195 
4912 195 
4913 195 3259 336 
4914 195 115 2880 
4915 195 
4916 195 
4917 195 
4918 195 3920 4169 184 
4919 195 
4920 195 
4921 195 
4922 195 3940 3367 4792 
4923 195 
4924 195 
4925 195 186 190 407 
4926 195 
4927 195 4926 
4928 195 4926 
4929 195 4926 
4930 195 693 1543 4926 
4931 195 4926 
4932 195 105 106 15 1088 
4933 195 1987 
4934 195 1275 89 1216 
4935 195 
4936 195 
4937 195 
4938 195 167 168 4937 
4939 195 
4940 195 
4941 195 137 28 
4942 195 93 
4943 195 
4944 195 
4945 195 2358 
4946 195 
4947 195 149 39 58 
4948 195 2887 
4949 195 3920 1275 4169 
4950 195 
4951 195 
4952 195 
4953 195 
4954 195 
4955 195 
4956 195 3568 
4957 195 
4958 195 
4959 195 
4960 195 
4961 195 
4962 195 
4963 195 
4964 195 
4965 195 
4966 195 
4967 195 4967 
4968 195 4967 
4969 195 4967 
4970 195 4967 
4971 195 4967 
4972 195 4967 
4973 195 4967 7 9 
4974 195 
4975 195 
4976 195 
4977 195 1286 
4978 195 
4979 195 
4980 195 
4981 195 
4982 195 
4983 195 
4984 195 
4985 195 
4986 195 164 
4987 195 
4988 195 
4989 195 158 33 
4990 195 137 3393 
4991 195 
4992 195 3665 
4993 195 
4994 195 
4995 195 
4996 195 
4997 195 
4998 195 
4999 195 
5000 195 
5001 195 147 3371 
5002 195 
5003 195 169 147 4459 
5004 195 4967 4867 2958 369 4336 370 
5005 195 77 
5006 195 169 
5007 195 47 
5008 195 
5009 195 
5010 195 
5011 195 
5012 195 7 9 
5013 195 5 
5014 195 3464 3317 
5015 195 
5016 195 
5017 195 
5018 195 1276 1675 2 3485 581 
5019 195 
5020 195 
5021 195 
5022 195 118 133 
5023 195 
5024 195 186 
5025 195 
5026 195 2896 
5027 195 158 
5028 195 
5029 195 5029 
5030 195 
5031 195 3920 5030 
5032 195 
5033 195 167 1339 
5034 195 
5035 195 76 3452 
5036 195 1286 
5037 195 4307 4311 
5038 195 
5039 195 7 2231 
5040 195 2896 
5041 195 
5042 195 5041 
5043 195 5041 
5044 195 11 3102 5041 
5045 195 40 3323 5041 304 2728 
5046 195 5041 
5047 195 1504 
5048 195 
5049 195 3568 1276 2880 3835 
5050 195 
5051 195 
5052 195 
5053 195 76 64 1043 
5054 195 
5055 195 
5056 195 
5057 195 118 131 
5058 195 5058 
5059 195 118 133 5058 1388 135 
5060 195 5058 693 
5061 195 5058 693 
5062 195 5058 693 
5063 195 5058 
5064 195 5058 186 727 190 3521 
5065 195 5058 186 190 
5066 195 5058 
5067 195 5058 
5068 195 5058 
5069 195 5058 4448 
5070 195 5058 2617 3048 
5071 195 
5072 195 
5073 195 
5074 195 
5075 195 78 3459 
5076 195 76 3452 
5077 195 
5078 195 155 
5079 195 485 
5080 195 164 
5081 195 182 
5082 195 
5083 195 92 
5084 195 92 72 5083 
5085 195 
5086 195 
5087 195 5086 
5088 195 5086 
5089 195 5086 
5090 195 5086 
5091 195 5086 
5092 195 5086 
5093 195 5086 
5094 195 5086 
5095 195 5086 
5096 195 5086 
5097 195 
5098 195 54 
5099 195 
5100 195 
5101 195 
5102 195 118 133 167 135 
5103 195 118 
5104 195 118 5103 
5105 195 118 5103 
5106 195 118 5103 5105 
5107 195 118 5103 
5108 195 118 5103 
5109 195 118 5109 
5110 195 118 5109 2323 
5111 195 118 5109 
5112 195 118 5109 
5113 195 118 5109 727 1428 
5114 195 3058 
5115 195 
5116 195 
5117 195 115 117 
5118 195 147 
5119 195 151 
5120 195 40 
5121 195 
5122 195 3058 
5123 195 
5124 195 529 1750 
5125 195 
5126 195 179 96 1578 
5127 195 
5128 195 
5129 195 2346 
5130 195 
5131 195 1051 313 
5132 195 
5133 195 1595 
5134 195 2801 
5135 195 149 
5136 195 3058 
5137 195 160 
5138 195 2997 
5139 195 76 
5140 195 2762 4697 
5141 195 
5142 195 
5143 195 2998 5143 
5144 195 2998 5143 
5145 195 2998 5143 
5146 195 
5147 195 
5148 195 
5149 195 
5150 195 
5151 195 5150 
5152 195 5150 
5153 195 4967 5150 
5154 195 5150 
5155 195 5150 46 
5156 195 5150 
5157 195 5150 
5158 195 5150 1543 
5159 195 
5160 195 
5161 195 
5162 195 
5163 195 3940 3367 4792 
5164 195 
5165 195 142 102 
5166 195 
5167 195 
5168 195 
5169 195 
5170 195 
5171 195 4307 4320 
5172 195 1750 
5173 195 96 61 
5174 195 
5175 195 
5176 195 
5177 195 
5178 195 2958 
5179 195 
5180 195 2005 
5181 195 93 
5182 195 
5183 195 
5184 195 
5185 195 
5186 195 
5187 195 
5188 195 
5189 195 
5190 195 50 
5191 195 
5192 195 
5193 195 105 4867 89 110 
5194 195 2801 1076 
5195 195 3468 
5196 195 
5197 195 1750 4636 
5198 195 31 
5199 195 
5200 195 92 64 
5201 195 
5202 195 
5203 195 
5204 195 
5205 195 5205 
5206 195 169 4459 
5207 195 1156 
5208 195 
5209 195 
5210 195 1566 1567 
5211 195 2896 
5212 195 142 999 
5213 195 1472 1473 
5214 195 169 
5215 195 169 5214 
5216 195 169 5214 
5217 195 169 55 4867 1675 5214 
5218 195 169 5214 
5219 195 169 5214 
5220 195 169 935 5214 
5221 195 169 5214 
5222 195 169 5214 
5223 195 118 169 120 5223 
5224 195 118 169 120 5223 
5225 195 118 169 120 5223 1526 
5226 195 118 169 120 5223 
5227 195 118 169 120 5223 2692 
5228 195 118 169 120 5223 228 
5229 195 118 169 120 5223 
5230 195 118 169 120 5223 
5231 195 118 169 120 179 5223 
5232 195 118 169 120 5223 2692 
5233 195 169 5214 
5234 195 118 5109 182 
5235 195 
5236 195 
5237 195 89 
5238 195 
5239 195 105 110 
5240 195 
5241 195 935 999 
5242 195 
5243 195 
5244 195 
5245 195 4413 
5246 195 3932 
5247 195 39 
5248 195 
5249 195 
5250 195 
5251 195 169 1275 3259 4636 1051 4598 
5252 195 
5253 195 
5254 195 118 120 
5255 195 118 120 5254 
5256 195 118 120 5254 
5257 195 118 120 5254 
5258 195 118 120 3583 5254 
5259 195 118 120 5254 
5260 195 118 120 5254 
5261 195 118 120 140 5254 175 
5262 195 
5263 195 169 171 
5264 195 118 133 3367 135 781 
5265 195 
5266 195 149 
5267 195 
5268 195 
5269 195 
5270 195 
5271 195 
5272 195 1276 184 5271 
5273 195 
5274 195 169 78 2958 368 
5275 195 4897 2386 2322 
5276 195 
5277 195 
5278 195 
5279 195 
5280 195 
5281 195 
5282 195 
5283 195 
5284 195 
5285 195 
5286 195 2113 
5287 195 
5288 195 
5289 195 
5290 195 76 
5291 195 4897 
5292 195 96 142 50 112 
5293 195 
5294 195 186 
5295 195 
5296 195 
5297 195 
5298 195 89 
5299 195 
5300 195 
5301 195 3920 4169 
5302 195 
5303 195 
5304 195 
5305 195 5304 
5306 195 1076 
5307 195 102 369 
5308 195 
5309 195 5150 5 175 
5310 195 140 166 
5311 195 
5312 195 
5313 195 55 
5314 195 
5315 195 1275 
5316 195 4298 
5317 195 4307 4311 
5318 195 
5319 195 1607 
5320 195 
5321 195 
5322 195 
5323 195 
5324 195 2998 3009 
5325 195 2998 3568 3009 5325 
5326 195 2998 3568 727 3009 5325 
5327 195 
5328 195 5327 1660 
5329 195 5327 1660 5328 
5330 195 1428 5327 
5331 195 7 9 5327 
5332 195 3058 5327 
5333 195 102 
5334 195 
5335 195 
5336 195 147 
5337 195 
5338 195 
5339 195 151 
5340 195 36 422 
5341 195 3568 185 
5342 195 157 
5343 195 693 
5344 195 
5345 195 3367 40 1276 304 
5346 195 
5347 195 
5348 195 72 
5349 195 
5350 195 43 
5351 195 4413 
5352 195 4897 328 
5353 195 
5354 195 3416 
5355 195 98 2113 4867 
5356 195 
5357 195 147 4810 
5358 195 
5359 195 3661 
5360 195 3367 1794 
5361 195 
5362 195 
5363 195 
5364 195 
5365 195 
5366 195 
5367 195 
5368 195 3048 
5369 195 118 121 4576 92 
5370 195 
5371 195 
5372 195 
5373 195 2638 
5374 195 
5375 195 
5376 195 
5377 195 142 
5378 195 3474 
5379 195 3920 4169 
5380 195 
5381 195 693 1508 
5382 195 63 
5383 195 
5384 195 
5385 195 
5386 195 
5387 195 
5388 195 775 
5389 195 
5390 195 
5391 195 105 106 3599 
5392 195 
5393 195 
5394 195 5271 
5395 195 
5396 195 
5397 195 
5398 195 105 106 
5399 195 
5400 195 118 133 3920 134 3925 
5401 195 104 
5402 195 
5403 195 105 104 
5404 195 
5405 195 
5406 195 
5407 195 
5408 195 
5409 195 
5410 195 
5411 195 
5412 195 
5413 195 
5414 195 118 133 134 
5415 195 
5416 195 
5417 195 
5418 195 
5419 195 5058 7 9 3485 418 
5420 195 36 
5421 195 
5422 195 158 2426 
5423 195 758 
5424 195 
5425 195 1286 182 
5426 195 
5427 195 
5428 195 25 26 
5429 195 
5430 195 140 
5431 195 4544 4546 
5432 195 
5433 195 
5434 195 40 
5435 195 
5436 195 
5437 195 
5438 195 
5439 195 
5440 195 3367 40 
5441 195 11 1699 3102 
5442 195 
5443 195 
5444 195 5058 140 369 504 
5445 195 
5446 195 2346 
5447 195 
5448 195 36 11 13 
5449 195 1286 
5450 195 169 4459 
5451 195 
5452 195 78 3583 
5453 195 3940 3367 96 1286 2727 4792 
5454 195 
5455 195 3620 
5456 195 
5457 195 5456 
5458 195 
5459 195 
5460 195 
5461 195 5461 
5462 195 5461 
5463 195 105 5461 110 
5464 195 5461 
5465 195 5461 
5466 195 5461 1675 
5467 195 5461 
5468 195 5461 
5469 195 5327 
5470 195 
5471 195 
5472 195 
5473 195 1566 50 1543 2762 
5474 195 118 169 120 5223 
5475 195 
5476 195 118 121 
5477 195 118 131 77 3336 
5478 195 5150 3058 
5479 195 
5480 195 158 
5481 195 76 158 325 
5482 195 
5483 195 
5484 195 5483 
5485 195 
5486 195 167 168 
5487 195 2958 
5488 195 
5489 195 18 19 
5490 195 1428 4897 1228 
5491 195 
