0 
1 
2 
3 2 
4 
5 4 
6 4 
7 
8 7 
9 7 
10 7 
11 
12 11 
13 
14 13 
15 13 
16 
17 16 
18 16 
19 16 
20 
21 20 
22 
23 
24 23 
25 
26 25 
27 25 26 
28 25 26 
29 25 
30 25 
31 25 
32 
33 32 
34 32 
35 32 
36 32 
37 32 
38 
39 39 
40 39 
41 
42 41 
43 
44 
45 44 
46 44 
47 
48 
49 48 
50 
51 
52 51 
53 
54 53 
55 53 
56 53 55 
57 53 
58 
59 58 
60 
61 60 
62 
63 62 
64 
65 65 
66 65 
67 65 
68 65 
69 64 
70 64 
71 
72 71 
73 71 
74 71 
75 71 
76 
77 76 
78 76 
79 76 78 
80 80 
81 80 
82 80 
83 
84 
85 84 
86 
87 
88 
89 
90 89 
91 89 
92 
93 92 
94 94 
95 7 92 
96 
97 
98 97 
99 97 
100 
101 100 
102 100 
103 
104 103 
105 103 104 
106 103 104 
107 103 
108 
109 
110 110 
111 110 
112 110 111 
113 110 111 
114 110 
115 109 
116 109 
117 109 
118 
119 118 
120 118 
121 88 118 
122 
123 
124 123 
125 123 
126 123 
127 
128 
129 128 
130 128 
131 128 130 
132 128 89 130 
133 
134 134 
135 134 
136 134 
137 134 
138 134 
139 
140 139 
141 
142 141 
143 141 
144 
145 144 
146 144 
147 144 
148 
149 149 
150 148 
151 
152 151 
153 
154 
155 
156 155 
157 
158 157 
159 157 
160 
161 161 
162 161 
163 161 
164 161 163 
165 161 
166 160 
167 
168 
169 168 
170 
171 170 97 
172 170 89 
173 170 
174 
175 
176 175 
177 175 176 
178 175 176 
179 175 
180 175 
181 175 180 
182 175 
183 
184 
185 
186 185 
187 185 
188 
189 188 
190 188 
191 
192 191 
193 191 192 
194 191 
195 191 194 
196 103 191 194 
197 191 
198 191 
199 
200 199 
201 199 
202 
203 100 202 
204 202 
205 202 
206 
207 206 
208 206 
209 209 
210 209 
211 209 210 
212 209 210 
213 209 210 
214 
215 214 
216 
217 216 
218 
219 218 
220 218 
221 218 
222 218 
223 218 
224 
225 224 
226 224 
227 
228 227 
229 227 228 
230 227 
231 227 230 
232 227 
233 227 
234 
235 234 
236 236 
237 237 
238 237 
239 237 
240 237 
241 237 
242 237 
243 237 
244 237 
245 237 
246 237 
247 237 
248 237 
249 237 227 230 
250 237 
251 237 
252 237 
253 237 
254 237 
255 237 
256 237 
257 237 
258 237 
259 237 
260 237 
261 237 
262 237 
263 237 
264 237 
265 237 
266 237 
267 237 
268 237 
269 237 
270 237 
271 237 
272 237 161 163 
273 237 
274 237 
275 237 
276 237 
277 237 
278 237 
279 237 
280 237 
281 237 
282 237 
283 237 
284 237 92 
285 237 
286 237 
287 237 
288 237 
289 237 
290 237 
291 237 
292 237 
293 237 
294 237 
295 237 
296 237 
297 237 
298 237 
299 237 
300 237 
301 237 
302 237 
303 237 
304 237 
305 237 
306 237 
307 237 
308 237 
309 237 
310 237 
311 237 64 
312 237 
313 237 
314 237 
315 237 
316 237 
317 237 
318 237 
319 237 
320 237 
321 237 
322 237 
323 237 
324 237 
325 237 
326 237 
327 237 
328 237 
329 237 
330 237 
331 237 
332 237 
333 237 
334 237 
335 237 
336 237 
337 237 
338 237 
339 237 
340 237 
341 237 340 
342 237 
343 237 
344 237 
345 237 
346 237 
347 237 
348 237 
349 237 
350 237 
351 237 
352 237 
353 237 
354 237 
355 237 
356 237 
357 237 
358 237 
359 237 
360 237 
361 237 
362 237 
363 237 
364 237 
365 237 
366 237 
367 237 
368 237 
369 237 368 
370 237 
371 237 
372 237 
373 237 
374 237 
375 237 
376 237 
377 237 
378 237 
379 237 
380 237 
381 237 
382 237 
383 237 
384 237 
385 237 
386 237 
387 237 
388 237 
389 237 
390 237 
391 237 
392 237 
393 237 
394 237 
395 237 
396 237 
397 237 
398 237 397 
399 237 
400 237 
401 237 
402 237 
403 237 
404 237 
405 237 
406 237 
407 237 
408 237 
409 237 
410 237 
411 237 
412 237 
413 237 
414 237 
415 237 
416 237 
417 237 
418 237 
419 237 
420 237 
421 237 183 
422 237 
423 237 
424 237 
425 237 
426 237 
427 237 
428 237 
429 237 
430 237 
431 237 
432 237 
433 237 
434 237 
435 237 64 
436 237 
437 237 
438 237 
439 237 
440 237 
441 237 
442 237 
443 237 
444 237 
445 237 
446 237 
447 237 
448 237 
449 237 
450 237 
451 237 
452 237 
453 237 
454 237 
455 237 
456 237 
457 237 
458 237 
459 237 
460 237 
461 237 
462 237 
463 237 
464 237 71 
465 237 
466 237 
467 237 
468 237 
469 237 
470 237 
471 237 
472 237 
473 237 
474 237 
475 237 
476 237 
477 237 
478 237 
479 237 
480 237 
481 237 
482 237 
483 237 
484 237 
485 237 
486 237 
487 237 
488 237 
489 237 
490 237 
491 237 
492 237 
493 237 
494 237 
495 237 
496 237 
497 237 
498 237 
499 237 
500 237 
501 237 
502 237 
503 237 
504 237 
505 237 
506 237 
507 237 
508 237 
509 237 
510 237 
511 237 
512 237 
513 237 
514 237 
515 237 
516 237 
517 237 
518 237 
519 237 
520 237 
521 237 
522 237 
523 237 
524 237 
525 237 
526 237 
527 237 
528 237 527 
529 237 
530 237 
531 237 
532 237 
533 237 
534 237 
535 237 
536 237 
537 237 
538 237 20 
539 237 
540 237 
541 237 
542 237 
543 237 
544 237 
545 237 
546 237 
547 237 
548 237 
549 237 
550 237 
551 237 
552 237 
553 237 
554 237 
555 237 
556 237 
557 237 
558 237 
559 237 
560 237 
561 237 
562 237 
563 237 
564 237 
565 237 
566 237 
567 237 
568 237 
569 237 209 
570 237 
571 237 
572 237 
573 237 
574 237 
575 237 
576 237 
577 237 
578 237 
579 237 
580 237 
581 237 
582 237 
583 237 
584 237 
585 237 
586 237 
587 237 
588 237 
589 237 
590 237 
591 237 
592 237 
593 237 
594 237 
595 237 
596 237 
597 237 
598 237 
599 237 
600 237 
601 237 
602 237 
603 237 
604 237 
605 237 
606 237 
607 237 
608 237 
609 237 
610 237 
611 237 
612 237 
613 237 
614 237 
615 237 
616 237 
617 237 
618 237 
619 237 
620 237 
621 237 
622 237 
623 237 
624 237 
625 237 
626 237 
627 237 
628 237 
629 237 
630 237 
631 237 
632 237 
633 237 
634 237 
635 237 634 
636 237 103 104 
637 237 
638 237 94 
639 237 
640 237 
641 237 
642 237 
643 237 161 
644 237 
645 237 
646 237 
647 237 
648 237 
649 237 
650 237 
651 237 
652 237 
653 237 
654 237 
655 237 
656 237 
657 237 
658 237 
659 237 
660 237 
661 237 
662 237 
663 237 
664 237 
665 237 
666 237 
667 237 
668 237 
669 237 32 
670 237 
671 237 
672 237 
673 237 
674 237 
675 237 
676 237 
677 237 
678 237 
679 237 
680 237 
681 237 
682 237 
683 237 
684 237 
685 237 
686 237 
687 237 
688 237 
689 237 
690 237 
691 237 
692 237 
693 237 
694 237 
695 237 
696 237 
697 237 
698 237 
699 237 
700 237 
701 237 
702 237 
703 237 
704 237 
705 237 
706 237 
707 237 
708 237 
709 237 
710 237 
711 237 
712 237 
713 237 
714 237 
715 237 
716 237 
717 237 
718 237 
719 237 
720 237 
721 237 
722 237 
723 237 
724 237 
725 237 
726 237 
727 237 
728 237 
729 237 
730 237 
731 237 
732 237 
733 237 
734 237 
735 237 
736 237 
737 237 
738 237 
739 237 
740 237 
741 237 
742 237 
743 237 
744 237 
745 237 
746 237 
747 237 
748 237 
749 237 
750 237 
751 237 
752 237 
753 237 
754 237 
755 237 
756 237 
757 237 
758 237 
759 237 
760 237 759 
761 237 
762 237 
763 237 
764 237 
765 237 
766 237 
767 237 
768 237 
769 237 
770 237 
771 237 20 
772 237 
773 237 
774 237 
775 237 
776 237 
777 237 
778 237 
779 237 
780 237 
781 237 
782 237 
783 237 
784 237 
785 237 
786 237 785 
787 237 785 
788 237 
789 237 
790 237 
791 237 
792 237 
793 237 
794 237 
795 237 
796 237 
797 237 
798 237 
799 237 
800 237 
801 237 
802 237 
803 237 
804 237 
805 237 
806 237 
807 237 
808 237 
809 237 
810 237 
811 237 
812 237 
813 237 
814 237 
815 237 
816 237 
817 237 
818 237 
819 237 
820 237 
821 237 
822 237 
823 237 
824 237 
825 237 
826 237 825 
827 237 
828 237 
829 237 
830 237 
831 237 
832 237 
833 237 
834 237 
835 237 
836 237 
837 237 
838 237 
839 237 
840 237 
841 237 
842 237 
843 237 
844 237 
845 237 
846 237 
847 237 
848 237 94 
849 237 
850 237 
851 237 
852 237 
853 237 
854 237 
855 237 
856 237 
857 237 
858 237 
859 237 
860 237 175 
861 237 
862 237 
863 237 
864 237 
865 237 
866 237 
867 237 
868 237 
869 237 
870 237 
871 237 
872 237 871 
873 237 
874 237 
875 237 
876 237 
877 237 
878 237 
879 237 
880 237 
881 237 
882 237 
883 237 
884 237 
885 237 
886 237 
887 237 
888 237 
889 237 
890 237 
891 237 
892 237 
893 237 
894 237 
895 237 
896 237 895 
897 237 
898 237 
899 237 898 
900 237 898 
901 237 
902 237 
903 237 
904 237 
905 237 
906 237 
907 237 
908 237 
909 237 
910 237 
911 237 
912 237 
913 237 
914 237 
915 237 
916 237 
917 237 
918 237 
919 237 
920 237 
921 237 
922 237 
923 237 
924 237 
925 237 
926 237 
927 237 
928 237 
929 237 
930 237 227 228 
931 237 
932 237 
933 237 
934 237 
935 237 
936 237 
937 237 
938 237 
939 237 175 176 
940 237 
941 237 
942 237 
943 237 
944 237 
945 237 
946 237 
947 237 
948 237 144 
949 237 
950 237 
951 237 
952 237 
953 237 
954 237 
955 237 
956 237 
957 237 
958 237 
959 237 
960 237 
961 237 
962 237 
963 237 
964 237 
965 237 
966 237 
967 237 
968 237 
969 237 
970 237 
971 237 
972 237 971 
973 237 971 
974 237 
975 237 
976 237 
977 237 
978 237 
979 237 
980 237 
981 237 
982 237 
983 237 
984 237 
985 237 
986 237 
987 237 
988 237 
989 237 
990 237 
991 237 
992 237 
993 237 
994 237 
995 237 
996 237 
997 237 
998 237 
999 237 
1000 237 
1001 237 
1002 237 
1003 237 
1004 237 
1005 237 
1006 237 
1007 237 
1008 237 
1009 237 
1010 237 
1011 237 
1012 237 
1013 237 
1014 237 
1015 237 
1016 237 
1017 237 
1018 237 
1019 237 
1020 237 
1021 237 
1022 237 
1023 237 
1024 237 
1025 237 
1026 237 
1027 237 
1028 237 
1029 237 
1030 237 
1031 237 
1032 237 
1033 237 
1034 237 
1035 237 
1036 237 39 40 
1037 237 
1038 237 
1039 237 
1040 237 
1041 237 
1042 237 
1043 237 
1044 237 
1045 237 
1046 237 148 
1047 237 
1048 237 
1049 237 
1050 237 
1051 237 
1052 237 
1053 237 
1054 237 
1055 237 
1056 237 1055 
1057 237 
1058 237 
1059 237 
1060 237 
1061 237 
1062 237 
1063 237 
1064 237 
1065 237 
1066 237 
1067 237 
1068 237 
1069 237 
1070 237 
1071 237 
1072 237 227 230 
1073 237 
1074 237 
1075 237 
1076 237 
1077 237 
1078 237 
1079 237 
1080 237 
1081 237 
1082 237 
1083 237 
1084 237 1083 
1085 237 
1086 237 
1087 237 
1088 237 
1089 237 
1090 237 
1091 237 
1092 237 
1093 237 
1094 237 
1095 237 
1096 237 
1097 237 
1098 237 
1099 237 
1100 237 
1101 237 
1102 237 
1103 237 
1104 237 1103 
1105 237 
1106 237 
1107 237 
1108 237 
1109 237 
1110 237 
1111 237 
1112 237 1111 
1113 237 1111 
1114 237 
1115 237 
1116 237 
1117 237 
1118 237 
1119 237 
1120 237 44 
1121 237 
1122 237 1121 
1123 237 
1124 237 
1125 237 
1126 237 
1127 237 
1128 237 
1129 237 
1130 237 
1131 237 
1132 237 
1133 237 
1134 237 
1135 237 
1136 237 
1137 237 
1138 237 
1139 237 
1140 237 
1141 237 
1142 237 
1143 237 
1144 237 
1145 237 
1146 237 
1147 237 
1148 237 
1149 237 
1150 237 
1151 237 65 
1152 237 
1153 237 
1154 237 
1155 237 
1156 237 
1157 237 
1158 237 
1159 237 
1160 237 
1161 237 
1162 237 
1163 237 
1164 237 
1165 237 
1166 237 
1167 237 88 
1168 237 
1169 237 
1170 237 
1171 237 
1172 237 
1173 237 
1174 237 
1175 237 
1176 237 
1177 237 
1178 237 
1179 237 
1180 237 1179 
1181 237 
1182 237 
1183 237 
1184 237 
1185 237 
1186 237 
1187 237 
1188 237 
1189 237 
1190 237 
1191 237 
1192 237 
1193 237 
1194 237 103 104 
1195 237 
1196 237 
1197 237 
1198 237 
1199 237 
1200 237 
1201 237 
1202 237 
1203 237 
1204 237 
1205 237 
1206 237 
1207 237 
1208 237 100 
1209 237 
1210 237 
1211 237 
1212 237 
1213 237 
1214 237 
1215 237 
1216 237 
1217 237 
1218 237 
1219 237 
1220 237 
1221 237 
1222 237 
1223 237 
1224 237 
1225 237 
1226 237 
1227 237 
1228 237 
1229 237 1228 
1230 237 
1231 237 
1232 237 
1233 237 1232 
1234 237 
1235 237 
1236 237 
1237 237 
1238 237 
1239 237 
1240 237 
1241 237 
1242 237 
1243 237 
1244 237 
1245 237 
1246 237 
1247 237 
1248 237 
1249 237 
1250 237 
1251 237 
1252 237 
1253 237 
1254 237 
1255 237 
1256 237 
1257 237 
1258 237 
1259 237 
1260 237 
1261 237 
1262 237 
1263 237 
1264 237 
1265 237 
1266 237 
1267 237 
1268 237 
1269 237 
1270 237 
1271 237 
1272 237 1271 
1273 237 1271 
1274 237 1271 
1275 237 1271 
1276 237 1271 
1277 237 1271 
1278 237 1271 
1279 237 1271 1278 
1280 237 
1281 237 
1282 237 
1283 237 
1284 237 
1285 237 
1286 237 384 
1287 237 1287 
1288 237 1287 
1289 237 1287 
1290 237 1287 
1291 237 
1292 237 
1293 237 76 77 
1294 237 
1295 237 
1296 237 
1297 237 
1298 237 
1299 237 
1300 237 
1301 237 
1302 237 
1303 237 
1304 237 
1305 237 
1306 237 
1307 237 
1308 237 
1309 237 209 210 
1310 237 
1311 237 
1312 237 
1313 237 
1314 237 
1315 237 
1316 237 
1317 237 
1318 237 
1319 237 
1320 237 
1321 237 
1322 237 
1323 237 
1324 237 
1325 237 
1326 237 1325 
1327 237 
1328 237 
1329 237 
1330 237 
1331 237 
1332 237 
1333 237 
1334 237 
1335 237 
1336 237 
1337 237 
1338 237 
1339 237 
1340 237 
1341 237 
1342 237 
1343 237 
1344 237 
1345 237 
1346 237 
1347 237 
1348 237 
1349 237 
1350 237 
1351 237 
1352 237 
1353 237 
1354 237 
1355 237 80 
1356 237 
1357 237 
1358 237 
1359 237 
1360 237 
1361 237 
1362 237 
1363 237 
1364 237 
1365 237 
1366 237 871 
1367 237 
1368 237 
1369 237 1368 
1370 237 
1371 237 
1372 237 
1373 237 
1374 237 
1375 237 
1376 237 
1377 237 
1378 237 
1379 237 
1380 237 
1381 237 
1382 237 
1383 237 
1384 237 
1385 237 
1386 237 
1387 237 
1388 237 
1389 237 
1390 237 
1391 237 
1392 237 
1393 237 
1394 237 
1395 237 
1396 237 
1397 237 
1398 237 
1399 237 
1400 237 
1401 237 
1402 237 
1403 237 
1404 237 1404 
1405 237 
1406 237 
1407 237 1406 
1408 237 
1409 237 
1410 237 
1411 237 
1412 237 
1413 237 
1414 237 
1415 237 
1416 237 
1417 237 
1418 237 
1419 237 
1420 237 
1421 237 
1422 237 
1423 237 
1424 237 
1425 237 
1426 237 
1427 237 
1428 237 
1429 237 
1430 237 
1431 237 
1432 237 
1433 237 
1434 237 
1435 237 
1436 237 
1437 237 
1438 237 
1439 237 
1440 237 
1441 237 
1442 237 
1443 237 
1444 237 
1445 237 
1446 237 
1447 237 
1448 237 
1449 237 
1450 237 
1451 237 
1452 237 
1453 237 
1454 237 
1455 237 
1456 237 
1457 237 
1458 237 
1459 237 
1460 237 
1461 237 
1462 237 
1463 237 
1464 237 
1465 237 
1466 237 
1467 237 
1468 237 
1469 237 
1470 237 103 104 
1471 237 
1472 237 
1473 237 
1474 237 
1475 237 
1476 237 
1477 237 
1478 237 
1479 237 
1480 237 
1481 237 
1482 237 
1483 237 
1484 237 
1485 237 
1486 237 76 77 
1487 237 
1488 237 
1489 237 
1490 237 
1491 237 
1492 237 
1493 237 110 111 
1494 237 
1495 237 
1496 237 23 
1497 237 
1498 237 
1499 237 
1500 237 
1501 237 
1502 237 
1503 237 
1504 237 
1505 237 
1506 237 
1507 237 
1508 237 
1509 237 
1510 237 
1511 237 
1512 237 
1513 237 
1514 237 
1515 237 
1516 237 
1517 237 
1518 237 
1519 237 
1520 237 
1521 237 
1522 237 
1523 237 
1524 237 
1525 237 
1526 237 
1527 237 32 
1528 237 32 1527 
1529 237 134 
1530 237 
1531 237 
1532 237 
1533 237 
1534 237 
1535 237 
1536 237 
1537 237 
1538 237 
1539 237 
1540 237 
1541 237 
1542 237 
1543 237 
1544 237 
1545 237 
1546 237 
1547 237 
1548 237 
1549 237 
1550 237 1512 
1551 237 88 118 108 
1552 237 
1553 237 
1554 237 
1555 237 
1556 237 1555 
1557 237 
1558 237 
1559 237 
1560 237 366 
1561 237 
1562 237 
1563 237 
1564 237 
1565 237 
1566 237 
1567 237 
1568 237 
1569 237 
1570 237 
1571 237 
1572 237 
1573 237 
1574 237 
1575 237 
1576 237 
1577 237 188 
1578 237 
1579 237 
1580 237 
1581 237 
1582 237 
1583 237 199 
1584 237 109 115 
1585 237 
1586 237 
1587 237 
1588 237 
1589 237 
1590 237 
1591 237 
1592 237 
1593 237 
1594 237 
1595 237 
1596 237 
1597 237 
1598 237 
1599 237 
1600 237 
1601 237 
1602 237 
1603 237 
1604 237 
1605 237 
1606 237 
1607 237 
1608 237 
1609 237 
1610 237 
1611 237 
1612 237 
1613 237 
1614 237 
1615 237 
1616 237 
1617 237 
1618 237 
1619 237 
1620 237 
1621 237 
1622 237 
1623 237 
1624 237 
1625 237 1624 
1626 237 
1627 237 
1628 237 1557 
1629 237 
1630 237 
1631 237 
1632 237 65 
1633 237 202 
1634 237 
1635 237 
1636 237 
1637 237 
1638 237 
1639 237 
1640 237 
1641 237 
1642 237 
1643 237 
1644 237 
1645 237 
1646 237 
1647 237 
1648 237 
1649 237 
1650 237 
1651 237 
1652 237 
1653 237 
1654 237 
1655 237 
1656 237 
1657 237 
1658 237 
1659 237 1658 
1660 237 
1661 237 
1662 237 
1663 237 
1664 237 
1665 237 
1666 237 
1667 237 
1668 237 
1669 237 
1670 237 
1671 237 
1672 237 366 
1673 237 
1674 237 
1675 237 
1676 237 
1677 237 
1678 237 
1679 237 
1680 237 
1681 237 
1682 237 
1683 237 
1684 237 
1685 237 
1686 237 
1687 237 
1688 237 1687 
1689 237 
1690 237 
1691 237 
1692 237 
1693 237 
1694 237 
1695 237 
1696 237 
1697 237 
1698 237 
1699 237 
1700 237 
1701 237 
1702 237 
1703 237 
1704 237 
1705 237 
1706 237 
1707 237 
1708 237 
1709 237 
1710 237 
1711 237 
1712 237 
1713 237 
1714 237 
1715 237 
1716 237 
1717 237 
1718 237 
1719 237 
1720 237 
1721 237 
1722 237 
1723 237 
1724 237 
1725 237 
1726 237 
1727 237 
1728 237 
1729 237 
1730 237 
1731 237 
1732 237 
1733 237 
1734 237 
1735 237 
1736 237 
1737 237 
1738 237 1737 
1739 237 
1740 237 
1741 237 
1742 237 23 
1743 237 
1744 237 
1745 237 
1746 237 
1747 237 
1748 237 
1749 237 
1750 237 
1751 237 
1752 237 
1753 237 
1754 237 
1755 237 
1756 237 
1757 237 
1758 237 
1759 237 
1760 237 
1761 237 
1762 237 
1763 237 
1764 237 
1765 237 
1766 237 
1767 237 
1768 237 
1769 237 
1770 237 
1771 237 
1772 237 
1773 237 
1774 237 
1775 237 
1776 237 
1777 237 
1778 237 
1779 237 44 1250 
1780 237 
1781 237 
1782 237 
1783 237 
1784 237 
1785 237 
1786 237 
1787 237 
1788 237 
1789 237 
1790 237 
1791 237 
1792 237 
1793 237 
1794 237 
1795 237 
1796 237 1795 
1797 237 1795 
1798 237 1795 
1799 237 1795 
1800 237 
1801 237 
1802 237 
1803 237 
1804 237 
1805 237 
1806 237 
1807 237 
1808 237 
1809 237 
1810 237 
1811 237 
1812 237 
1813 237 
1814 237 
1815 237 
1816 237 
1817 237 
1818 237 
1819 237 
1820 237 1256 
1821 237 
1822 237 1821 
1823 237 
1824 237 
1825 237 
1826 237 
1827 237 
1828 237 
1829 237 
1830 237 
1831 237 
1832 237 
1833 237 
1834 237 
1835 237 
1836 237 
1837 237 
1838 237 
1839 237 
1840 237 
1841 237 
1842 237 
1843 237 366 
1844 237 
1845 237 
1846 237 1795 
1847 237 
1848 237 
1849 237 
1850 237 
1851 237 
1852 237 
1853 237 
1854 237 
1855 237 
1856 237 
1857 237 
1858 237 
1859 237 
1860 237 
1861 237 
1862 237 
1863 237 
1864 237 
1865 237 
1866 237 
1867 237 
1868 237 
1869 237 
1870 237 
1871 237 
1872 237 
1873 237 
1874 237 
1875 237 
1876 237 
1877 237 
1878 237 
1879 237 
1880 237 
1881 237 
1882 237 
1883 237 
1884 237 
1885 237 
1886 237 
1887 237 
1888 237 
1889 237 
1890 237 
1891 237 
1892 237 
1893 237 
1894 237 
1895 237 
1896 237 
1897 237 
1898 237 
1899 237 
1900 237 
1901 237 
1902 237 
1903 237 
1904 237 
1905 237 
1906 237 
1907 237 
1908 237 
1909 237 
1910 237 
1911 237 
1912 237 
1913 237 
1914 237 
1915 237 
1916 237 
1917 237 
1918 237 
1919 237 
1920 237 
1921 237 
1922 237 16 
1923 237 
1924 237 
1925 237 
1926 237 
1927 237 
1928 237 110 111 
1929 237 
1930 237 
1931 237 
1932 237 
1933 237 25 26 
1934 237 
1935 237 
1936 237 
1937 237 
1938 237 
1939 237 
1940 237 
1941 237 
1942 237 
1943 237 
1944 237 
1945 237 
1946 237 
1947 237 
1948 237 
1949 237 
1950 237 
1951 237 
1952 237 
1953 237 
1954 237 1953 
1955 237 1111 
1956 237 
1957 237 
1958 237 
1959 237 
1960 237 
1961 237 
1962 237 
1963 237 
1964 237 
1965 237 
1966 237 
1967 237 
1968 237 
1969 237 
1970 237 
1971 237 1970 
1972 237 1970 
1973 237 1970 
1974 237 1970 
1975 237 1970 1975 
1976 237 
1977 237 
1978 237 
1979 237 
1980 237 
1981 237 
1982 237 
1983 237 209 210 
1984 237 
1985 237 
1986 237 
1987 237 
1988 237 
1989 237 
1990 237 
1991 237 
1992 237 
1993 237 
1994 237 
1995 237 
1996 237 
1997 237 
1998 237 
1999 237 
2000 237 
2001 237 
2002 237 
2003 237 
2004 237 
2005 237 
2006 237 216 
2007 237 
2008 237 
2009 237 
2010 237 
2011 237 
2012 237 
2013 237 
2014 237 
2015 237 
2016 237 
2017 237 
2018 237 
2019 237 
2020 237 
2021 237 
2022 237 
2023 237 
2024 237 
2025 237 
2026 237 
2027 237 2026 
2028 237 
2029 237 
2030 237 
2031 237 
2032 237 
2033 237 
2034 237 
2035 237 
2036 237 
2037 237 
2038 237 
2039 237 
2040 237 
2041 237 
2042 237 
2043 237 
2044 237 
2045 237 
2046 237 
2047 237 2046 
2048 237 2046 
2049 237 2046 
2050 237 2046 
2051 237 209 2046 210 
2052 237 
2053 237 
2054 237 
2055 237 
2056 237 
2057 237 
2058 237 
2059 237 
2060 237 
2061 237 
2062 237 2061 
2063 237 41 
2064 237 
2065 237 2064 
2066 237 
2067 237 2067 
2068 237 2067 
2069 237 
2070 237 
2071 237 
2072 237 
2073 237 
2074 237 
2075 237 
2076 237 1795 
2077 237 
2078 237 
2079 237 
2080 237 
2081 237 
2082 237 
2083 237 2082 
2084 237 
2085 237 
2086 237 
2087 237 
2088 237 
2089 237 
2090 237 1687 
2091 237 
2092 237 
2093 237 
2094 237 
2095 237 
2096 237 
2097 237 
2098 237 
2099 237 
2100 237 1869 
2101 237 
2102 237 
2103 237 
2104 237 
2105 237 
2106 237 
2107 237 2106 
2108 237 
2109 237 
2110 237 
2111 237 
2112 237 
2113 237 
2114 237 191 192 
2115 237 
2116 237 
2117 237 
2118 237 
2119 237 
2120 237 
2121 237 
2122 237 
2123 237 
2124 237 
2125 237 
2126 237 
2127 237 
2128 237 
2129 237 
2130 237 
2131 237 
2132 237 
2133 237 
2134 237 
2135 237 
2136 237 
2137 237 
2138 237 
2139 237 2138 
2140 237 
2141 237 2140 
2142 237 
2143 237 
2144 237 
2145 237 
2146 237 
2147 237 
2148 237 
2149 237 
2150 237 161 163 2149 
2151 237 
2152 237 
2153 237 
2154 237 
2155 237 
2156 237 
2157 237 
2158 237 
2159 237 
2160 237 
2161 237 1 
2162 237 
2163 237 
2164 237 
2165 237 
2166 237 
2167 237 
2168 237 
2169 237 
2170 237 
2171 237 
2172 237 
2173 237 
2174 237 
2175 237 
2176 237 
2177 237 
2178 237 
2179 237 
2180 237 
2181 237 
2182 237 
2183 237 
2184 237 
2185 237 
2186 237 
2187 237 
2188 237 
2189 237 
2190 237 
2191 237 
2192 237 
2193 237 
2194 237 
2195 237 
2196 237 
2197 237 
2198 237 
2199 237 
2200 237 
2201 237 22 
2202 237 
2203 237 
2204 237 
2205 237 
2206 237 
2207 237 
2208 237 2207 
2209 237 2207 
2210 237 2207 
2211 237 2207 
2212 237 2207 
2213 237 2207 
2214 237 2207 
2215 237 2207 
2216 237 2207 
2217 237 2207 
2218 237 2207 
2219 237 2207 
2220 237 2207 
2221 237 2207 
2222 237 2207 
2223 237 2207 
2224 237 2207 
2225 237 2207 
2226 237 2207 
2227 237 2207 
2228 237 2207 
2229 237 2207 
2230 237 2207 
2231 237 2207 
2232 237 2207 
2233 237 2207 
2234 237 2207 
2235 237 2207 
2236 237 2207 
2237 237 2207 
2238 237 2207 
2239 237 2207 
2240 237 2207 
2241 237 2207 
2242 237 2207 
2243 237 
2244 237 2001 
2245 237 
2246 237 
2247 237 
2248 237 
2249 237 
2250 237 
2251 237 175 
2252 237 
2253 237 2252 
2254 237 
2255 237 
2256 237 
2257 237 
2258 237 
2259 237 
2260 237 
2261 237 
2262 237 
2263 237 
2264 237 
2265 237 
2266 237 
2267 237 
2268 237 
2269 237 
2270 237 
2271 237 
2272 237 
2273 237 
2274 237 
2275 237 
2276 237 
2277 237 
2278 237 
2279 237 
2280 237 
2281 237 
2282 237 
2283 237 
2284 237 
2285 237 
2286 237 
2287 237 
2288 237 
2289 237 
2290 237 
2291 237 
2292 237 
2293 237 
2294 237 
2295 237 
2296 237 
2297 237 
2298 237 
2299 237 
2300 237 
2301 237 785 
2302 237 
2303 237 
2304 237 
2305 237 
2306 237 
2307 237 
2308 237 
2309 237 
2310 237 
2311 237 
2312 237 
2313 237 
2314 237 
2315 237 
2316 237 
2317 237 
2318 237 
2319 237 
2320 237 
2321 237 2320 
2322 237 2320 
2323 237 2320 
2324 237 2320 148 
2325 237 
2326 237 
2327 237 
2328 237 
2329 237 
2330 237 
2331 237 
2332 237 
2333 237 
2334 237 
2335 237 
2336 237 
2337 237 
2338 237 
2339 237 
2340 237 
2341 237 
2342 237 123 
2343 237 
2344 237 
2345 237 
2346 237 170 
2347 237 
2348 237 
2349 237 
2350 237 
2351 237 
2352 237 
2353 237 
2354 237 
2355 237 
2356 237 
2357 237 
2358 237 
2359 237 
2360 237 
2361 237 
2362 237 
2363 237 
2364 237 191 192 
2365 237 
2366 237 
2367 237 
2368 237 
2369 237 
2370 237 
2371 237 
2372 237 
2373 237 
2374 237 
2375 237 
2376 237 
2377 237 
2378 237 
2379 237 
2380 237 
2381 237 
2382 237 
2383 237 
2384 237 
2385 237 83 
2386 237 
2387 237 
2388 237 
2389 237 1687 
2390 237 
2391 237 
2392 237 
2393 237 2392 
2394 237 
2395 237 209 199 210 201 
2396 237 
2397 237 
2398 237 
2399 237 
2400 237 
2401 237 2026 
2402 237 
2403 237 
2404 237 
2405 237 48 
2406 237 
2407 237 871 
2408 237 871 2407 
2409 237 
2410 237 
2411 237 
2412 237 
2413 237 
2414 237 
2415 237 
2416 237 
2417 237 
2418 237 
2419 237 2419 
2420 237 2419 
2421 237 
2422 237 
2423 237 
2424 237 
2425 237 
2426 237 
2427 237 
2428 237 
2429 237 
2430 237 
2431 237 
2432 237 871 
2433 237 
2434 237 
2435 237 
2436 237 
2437 237 
2438 237 
2439 237 2438 
2440 237 
2441 237 
2442 237 
2443 237 
2444 237 
2445 237 
2446 237 
2447 237 
2448 237 
2449 237 
2450 237 
2451 237 
2452 237 
2453 237 
2454 237 
2455 237 
2456 237 
2457 237 2456 
2458 237 
2459 237 2458 
2460 237 
2461 237 2001 
2462 237 
2463 237 
2464 237 
2465 237 
2466 237 
2467 237 
2468 237 
2469 237 
2470 237 
2471 237 
2472 237 
2473 237 
2474 237 2473 
2475 237 
2476 237 
2477 237 
2478 237 
2479 237 
2480 237 
2481 237 
2482 237 
2483 237 2046 
2484 237 
2485 237 
2486 237 
2487 237 
2488 237 
2489 237 
2490 237 
2491 237 
2492 237 
2493 237 
2494 237 
2495 237 
2496 237 
2497 237 
2498 237 
2499 237 
2500 237 
2501 237 
2502 237 
2503 237 
2504 237 
2505 237 
2506 237 
2507 237 
2508 237 
2509 237 
2510 237 109 
2511 237 
2512 237 
2513 237 
2514 237 
2515 237 
2516 237 
2517 237 
2518 237 
2519 237 
2520 237 
2521 237 
2522 237 
2523 237 
2524 237 
2525 237 
2526 237 
2527 237 
2528 237 
2529 237 871 2407 
2530 237 
2531 237 
2532 237 947 
2533 237 
2534 237 
2535 237 
2536 237 
2537 237 
2538 237 
2539 237 
2540 237 
2541 237 
2542 237 
2543 237 
2544 237 
2545 237 
2546 237 2046 890 
2547 237 
2548 237 
2549 237 
2550 237 
2551 237 2550 
2552 237 
2553 237 785 
2554 237 
2555 237 
2556 237 
2557 237 
2558 237 
2559 237 
2560 237 
2561 237 
2562 237 
2563 237 871 
2564 237 
2565 237 871 2252 
2566 237 
2567 237 
2568 237 
2569 237 
2570 237 
2571 237 
2572 237 
2573 237 
2574 237 39 
2575 237 227 
2576 237 64 
2577 237 
2578 237 
2579 237 
2580 237 
2581 237 
2582 237 1946 
2583 237 
2584 237 
2585 237 
2586 237 
2587 237 
2588 237 
2589 237 
2590 237 
2591 237 
2592 237 
2593 237 
2594 237 
2595 237 39 
2596 237 
2597 237 
2598 237 
2599 237 
2600 237 
2601 237 
2602 237 
2603 237 
2604 237 
2605 237 
2606 237 
2607 237 
2608 237 
2609 237 
2610 237 
2611 237 
2612 237 
2613 237 
2614 237 
2615 237 
2616 237 
2617 237 1687 
2618 237 
2619 237 
2620 237 
2621 237 
2622 237 
2623 237 
2624 237 
2625 237 
2626 237 
2627 237 
2628 237 
2629 237 
2630 237 
2631 237 209 
2632 237 
2633 237 
2634 237 
2635 237 41 
2636 237 
2637 237 
2638 237 2001 
2639 237 
2640 237 
2641 237 1343 
2642 237 
2643 237 
2644 237 
2645 237 
2646 237 
2647 237 
2648 237 
2649 237 2648 
2650 237 
2651 237 
2652 237 
2653 237 
2654 237 
2655 237 
2656 237 
2657 237 
2658 237 
2659 237 
2660 237 123 84 
2661 237 
2662 237 
2663 237 
2664 237 185 
2665 237 
2666 237 
2667 237 
2668 237 
2669 237 
2670 237 
2671 237 
2672 237 
2673 237 
2674 237 793 
2675 237 
2676 237 
2677 237 
2678 237 
2679 237 
2680 237 
2681 237 
2682 237 
2683 237 
2684 237 2684 
2685 237 2684 
2686 237 2684 
2687 237 2684 
2688 237 
2689 237 
2690 237 
2691 237 
2692 237 
2693 237 
2694 237 
2695 237 
2696 237 
2697 237 
2698 237 
2699 237 2463 
2700 237 
2701 237 
2702 237 
2703 237 
2704 237 
2705 237 
2706 237 2061 
2707 237 
2708 237 
2709 237 
2710 237 
2711 237 
2712 237 
2713 237 
2714 237 
2715 237 
2716 237 
2717 237 
2718 237 
2719 237 
2720 237 
2721 237 
2722 237 
2723 237 
2724 237 
2725 237 2094 
2726 237 
2727 237 
2728 237 
2729 237 
2730 237 
2731 237 
2732 237 
2733 237 
2734 237 
2735 237 
2736 237 
2737 237 
2738 237 
2739 237 
2740 237 
2741 237 
2742 237 
2743 237 
2744 237 
2745 237 2744 
2746 237 
2747 237 
2748 237 
2749 237 
2750 237 
2751 237 
2752 237 
2753 237 
2754 237 
2755 237 
2756 237 
2757 237 
2758 237 
2759 237 
2760 237 
2761 237 
2762 237 
2763 237 
2764 237 
2765 237 
2766 237 
2767 237 
2768 237 
2769 237 
2770 237 
2771 237 
2772 237 
2773 237 
2774 237 
2775 237 
2776 237 
2777 237 
2778 237 
2779 237 
2780 237 
2781 237 
2782 237 
2783 237 
2784 237 2783 
2785 237 2783 
2786 237 2783 
2787 237 2783 
2788 237 2783 
2789 237 2783 
2790 237 2783 
2791 237 2783 
2792 237 
2793 237 
2794 237 
2795 237 
2796 237 94 2061 
2797 237 
2798 237 
2799 237 
2800 237 
2801 237 
2802 237 
2803 237 
2804 237 
2805 237 
2806 237 
2807 237 1804 
2808 237 
2809 237 
2810 237 
2811 237 2026 
2812 237 871 
2813 237 
2814 237 133 
2815 237 25 29 
2816 237 
2817 237 
2818 237 
2819 237 691 
2820 237 
2821 237 
2822 237 
2823 237 
2824 237 
2825 237 
2826 237 
2827 237 
2828 237 
2829 237 
2830 237 
2831 237 
2832 237 
2833 237 
2834 237 
2835 237 
2836 237 
2837 237 
2838 237 
2839 237 
2840 237 
2841 237 
2842 237 
2843 237 
2844 237 
2845 237 
2846 237 
2847 237 
2848 237 
2849 237 
2850 237 
2851 237 
2852 237 
2853 237 
2854 237 
2855 237 
2856 237 
2857 237 
2858 237 
2859 237 209 210 
2860 237 175 176 
2861 237 
2862 237 
2863 237 
2864 237 
2865 237 
2866 237 
2867 237 
2868 237 
2869 237 
2870 237 
2871 237 
2872 237 
2873 237 
2874 237 
2875 237 
2876 237 
2877 237 2320 
2878 237 
2879 237 
2880 237 
2881 237 871 
2882 237 
2883 237 
2884 237 
2885 237 
2886 237 188 189 
2887 237 
2888 237 
2889 237 
2890 237 
2891 237 
2892 237 
2893 237 2892 
2894 237 4 
2895 237 
2896 237 
2897 237 
2898 237 
2899 237 
2900 237 
2901 237 
2902 237 951 
2903 237 
2904 237 
2905 237 
2906 237 
2907 237 
2908 237 
2909 237 
2910 237 
2911 237 
2912 237 
2913 237 2912 
2914 237 
2915 237 
2916 237 
2917 237 
2918 237 
2919 237 
2920 237 
2921 237 
2922 237 
2923 237 1412 
2924 237 
2925 237 
2926 237 
2927 237 
2928 237 
2929 237 
2930 237 
2931 237 
2932 237 
2933 237 
2934 237 366 
2935 237 
2936 237 157 1256 158 
2937 237 
2938 237 
2939 237 
2940 237 20 
2941 237 
2942 237 255 
2943 237 
2944 237 
2945 237 
2946 237 
2947 237 2946 
2948 237 2946 
2949 237 2946 
2950 237 2946 
2951 237 2946 1037 
2952 237 2946 
2953 237 
2954 237 
2955 237 
2956 237 
2957 237 62 
2958 237 
2959 237 
2960 237 
2961 237 
2962 237 
2963 237 
2964 237 
2965 237 
2966 237 2965 
2967 237 
2968 237 
2969 237 
2970 237 
2971 237 
2972 237 
2973 237 
2974 237 
2975 237 
2976 237 
2977 237 
2978 237 
2979 237 
2980 237 
2981 237 
2982 237 
2983 237 
2984 237 
2985 237 
2986 237 2985 
2987 237 2985 
2988 237 
2989 237 
2990 237 
2991 237 
2992 237 
2993 237 
2994 237 
2995 237 
2996 237 
2997 237 2996 
2998 237 2996 
2999 237 
3000 237 
3001 237 
3002 237 
3003 237 
3004 237 
3005 237 
3006 237 
3007 237 
3008 237 
3009 237 
3010 237 
3011 237 
3012 237 
3013 237 
3014 237 
3015 237 
3016 237 
3017 237 
3018 237 
3019 237 
3020 237 
3021 237 
3022 237 
3023 237 
3024 237 
3025 237 
3026 237 
3027 237 
3028 237 
3029 237 
3030 237 
3031 237 
3032 237 
3033 237 
3034 237 
3035 237 
3036 237 
3037 237 
3038 237 
3039 237 
3040 237 
3041 237 
3042 237 
3043 237 
3044 237 
3045 237 
3046 237 
3047 237 43 
3048 237 
3049 237 
3050 237 
3051 237 
3052 237 
3053 237 3052 
3054 237 
3055 237 
3056 237 
3057 237 
3058 237 
3059 237 
3060 237 
3061 237 
3062 237 
3063 237 3062 
3064 237 3062 
3065 237 3062 
3066 237 3062 
3067 237 3062 
3068 237 3068 
3069 237 3068 
3070 237 3068 
3071 237 3068 
3072 237 3068 
3073 237 3062 
3074 237 3062 
3075 237 
3076 237 
3077 237 
3078 237 
3079 237 
3080 237 
3081 237 
3082 237 
3083 237 
3084 237 25 3084 
3085 237 25 3084 
3086 237 
3087 237 
3088 237 
3089 237 
3090 237 
3091 237 
3092 237 
3093 237 
3094 237 
3095 237 
3096 237 3095 
3097 237 
3098 237 
3099 237 108 
3100 237 
3101 237 
3102 237 
3103 237 
3104 237 
3105 237 
3106 237 
3107 237 
3108 237 
3109 237 
3110 237 
3111 237 
3112 237 
3113 237 
3114 237 
3115 237 
3116 237 
3117 237 
3118 237 
3119 237 
3120 237 
3121 237 
3122 237 
3123 237 
3124 237 
3125 237 
3126 237 
3127 237 
3128 237 
3129 237 
3130 237 92 
3131 237 
3132 237 
3133 237 
3134 237 236 
3135 237 
3136 237 
3137 237 
3138 237 
3139 237 
3140 237 
3141 237 
3142 237 3141 
3143 237 3068 
3144 237 
3145 237 1605 
3146 237 
3147 237 53 55 
3148 237 
3149 237 
3150 237 
3151 237 1687 
3152 237 
3153 237 
3154 237 
3155 237 
3156 237 
3157 237 
3158 237 
3159 237 
3160 237 
3161 237 
3162 237 
3163 237 
3164 237 1368 
3165 237 
3166 237 
3167 237 
3168 237 
3169 237 
3170 237 
3171 237 
3172 237 
3173 237 
3174 237 
3175 237 
3176 237 
3177 237 
3178 237 
3179 237 871 2407 
3180 237 
3181 237 
3182 237 
3183 237 
3184 237 3062 
3185 237 
3186 237 
3187 237 
3188 237 100 
3189 237 
3190 237 
3191 237 
3192 237 1287 
3193 237 
3194 237 
3195 237 
3196 237 
3197 237 
3198 237 1223 
3199 237 23 
3200 237 
3201 237 
3202 237 
3203 237 
3204 237 
3205 237 
3206 237 
3207 237 71 
3208 237 199 160 
3209 237 
3210 237 
3211 237 
3212 237 
3213 237 
3214 237 128 
3215 237 
3216 237 
3217 237 1287 
3218 237 
3219 237 
3220 237 
3221 237 
3222 237 
3223 237 
3224 237 
3225 237 
3226 237 
3227 237 
3228 237 
3229 237 
3230 237 
3231 237 
3232 237 
3233 237 
3234 237 
3235 237 
3236 237 
3237 237 
3238 237 
3239 237 
3240 237 
3241 237 3241 
3242 237 3241 
3243 237 
3244 237 
3245 237 
3246 237 
3247 237 
3248 237 
3249 237 
3250 237 
3251 237 
3252 237 
3253 237 
3254 237 
3255 237 
3256 237 
3257 237 188 189 184 
3258 237 
3259 237 
3260 237 
3261 237 
3262 237 
3263 237 
3264 237 
3265 237 
3266 237 
3267 237 785 
3268 237 
3269 237 
3270 237 
3271 237 
3272 237 
3273 237 
3274 237 100 
3275 237 
3276 237 
3277 237 
3278 237 
3279 237 
3280 237 
3281 237 
3282 237 151 
3283 237 
3284 237 
3285 237 
3286 237 
3287 237 
3288 237 
3289 237 
3290 237 
3291 237 
3292 237 612 
3293 237 
3294 237 76 78 
3295 237 
3296 237 
3297 237 
3298 237 
3299 237 
3300 237 88 168 
3301 237 
3302 237 
3303 237 
3304 237 
3305 237 
3306 237 
3307 237 
3308 237 
3309 237 227 228 
3310 237 
3311 237 
3312 237 
3313 237 
3314 237 
3315 237 
3316 237 
3317 237 
3318 237 
3319 237 1287 
3320 237 
3321 237 2026 
3322 237 110 
3323 237 
3324 237 139 
3325 237 
3326 237 
3327 237 
3328 237 
3329 237 
3330 237 624 
3331 237 
3332 237 
3333 237 
3334 237 76 78 
3335 237 
3336 237 
3337 237 44 
3338 237 202 
3339 237 
3340 237 
3341 237 
3342 237 
3343 237 
3344 237 
3345 237 
3346 237 
3347 237 748 
3348 237 
3349 237 
3350 237 
3351 237 
3352 237 
3353 237 
3354 237 
3355 237 
3356 237 
3357 237 
3358 237 
3359 237 
3360 237 
3361 237 
3362 237 
3363 237 
3364 237 
3365 237 
3366 237 3366 
3367 237 
3368 237 
3369 237 
3370 237 3369 
3371 237 
3372 237 
3373 237 
3374 237 
3375 237 
3376 237 
3377 237 
3378 237 
3379 237 
3380 237 
3381 237 
3382 237 
3383 237 
3384 237 
3385 237 
3386 237 
3387 237 
3388 237 
3389 237 
3390 237 
3391 237 
3392 237 
3393 237 
3394 237 
3395 237 
3396 237 
3397 237 
3398 237 
3399 237 
3400 237 
3401 237 
3402 237 151 
3403 237 
3404 237 
3405 237 
3406 237 71 
3407 237 
3408 237 
3409 237 
3410 237 465 
3411 237 
3412 237 
3413 237 
3414 237 
3415 237 71 
3416 237 71 3415 
3417 237 71 3415 
3418 237 71 3415 
3419 237 952 
3420 237 
3421 237 
3422 237 3421 
3423 237 3421 
3424 237 
3425 237 
3426 237 
3427 237 
3428 237 
3429 237 
3430 237 80 
3431 237 
3432 237 
3433 237 
3434 237 38 2137 
3435 237 
3436 237 
3437 237 
3438 237 39 40 
3439 237 
3440 237 
3441 237 
3442 237 
3443 237 
3444 237 
3445 237 2550 
3446 237 4 1579 
3447 237 
3448 237 
3449 237 
3450 237 
3451 237 
3452 237 
3453 237 1023 
3454 237 
3455 237 3454 
3456 237 
3457 237 149 
3458 237 
3459 237 
3460 237 
3461 237 
3462 237 
3463 237 
3464 237 
3465 237 
3466 237 
3467 237 
3468 237 
3469 237 175 
3470 237 
3471 237 
3472 237 
3473 237 
3474 237 
3475 237 
3476 237 
3477 237 366 
3478 237 
3479 237 
3480 237 
3481 237 
3482 237 191 194 
3483 237 
3484 237 139 
3485 237 
3486 237 38 
3487 237 
3488 237 
3489 237 3488 
3490 237 
3491 237 
3492 237 188 
3493 237 
3494 237 
3495 237 
3496 237 
3497 237 
3498 237 
3499 237 
3500 237 
3501 237 
3502 237 
3503 237 
3504 237 
3505 237 
3506 237 
3507 237 
3508 237 
3509 237 
3510 237 
3511 237 
3512 237 
3513 237 
3514 237 3513 
3515 237 
3516 237 
3517 237 3516 
3518 237 3516 
3519 237 3516 
3520 237 3516 
3521 237 3516 
3522 237 3516 
3523 237 3516 
3524 237 3516 
3525 237 3516 
3526 237 3516 
3527 237 2508 
3528 237 
3529 237 2921 
3530 237 
3531 237 
3532 237 
3533 237 3532 
3534 237 3532 
3535 237 
3536 237 
3537 237 
3538 237 
3539 237 
3540 237 
3541 237 
3542 237 
3543 237 
3544 237 
3545 237 
3546 237 
3547 237 
3548 237 
3549 237 
3550 237 785 3549 
3551 237 
3552 237 
3553 237 
3554 237 871 
3555 237 
3556 237 
3557 237 
3558 237 
3559 237 
3560 237 
3561 237 71 
3562 237 39 40 
3563 237 39 40 3562 
3564 237 
3565 237 
3566 237 
3567 237 209 
3568 237 
3569 237 0 
3570 237 
3571 237 
3572 237 
3573 237 
3574 237 1271 
3575 237 
3576 237 
3577 237 
3578 237 
3579 237 
3580 237 
3581 237 
3582 237 
3583 237 
3584 237 
3585 237 
3586 237 
3587 237 
3588 237 
3589 237 
3590 237 7 
3591 237 7 3590 
3592 237 
3593 237 
3594 237 
3595 237 
3596 237 
3597 237 
3598 237 
3599 237 
3600 237 
3601 237 
3602 237 
3603 237 
3604 237 3603 
3605 237 
3606 237 
3607 237 
3608 237 139 
3609 237 
3610 237 
3611 237 
3612 237 1287 
3613 237 
3614 237 
3615 237 
3616 237 
3617 237 16 
3618 237 
3619 237 
3620 237 
3621 237 
3622 237 97 
3623 237 
3624 237 
3625 237 
3626 237 
3627 237 
3628 237 
3629 237 
3630 237 
3631 237 
3632 237 
3633 237 
3634 237 
3635 237 
3636 237 
3637 237 
3638 237 
3639 237 
3640 237 
3641 237 
3642 237 71 3415 
3643 237 
3644 237 
3645 237 
3646 237 
3647 237 
3648 237 
3649 237 
3650 237 
3651 237 
3652 237 
3653 237 
3654 237 
3655 237 
3656 237 
3657 237 
3658 237 
3659 237 
3660 237 
3661 237 
3662 237 
3663 237 
3664 237 
3665 237 
3666 237 
3667 237 
3668 237 
3669 237 
3670 237 
3671 237 
3672 237 
3673 237 
3674 237 
3675 237 
3676 237 3675 
3677 237 
3678 237 
3679 237 
3680 237 
3681 237 
3682 237 
3683 237 
3684 237 2046 
3685 237 
3686 237 175 180 
3687 237 2095 
3688 237 
3689 237 
3690 237 
3691 237 118 
3692 237 
3693 237 
3694 237 
3695 237 
3696 237 
3697 237 
3698 237 4 
3699 237 
3700 237 
3701 237 
3702 237 
3703 237 
3704 237 
3705 237 
3706 237 
3707 237 
3708 237 3707 
3709 237 
3710 237 
3711 237 
3712 237 
3713 237 
3714 237 
3715 237 366 
3716 237 
3717 237 84 
3718 237 84 3717 
3719 237 
3720 237 
3721 237 
3722 237 
3723 237 
3724 237 209 
3725 237 
3726 237 
3727 237 
3728 237 
3729 237 
3730 237 
3731 237 
3732 237 
3733 237 
3734 237 
3735 237 
3736 237 
3737 237 76 77 
3738 237 
3739 237 
3740 237 
3741 237 
3742 237 
3743 237 2834 
3744 237 
3745 237 3068 
3746 237 2760 
3747 237 
3748 237 
3749 237 48 
3750 237 
3751 237 
3752 237 
3753 237 
3754 237 
3755 237 
3756 237 
3757 237 
3758 237 
3759 237 
3760 237 
3761 237 
3762 237 
3763 237 
3764 237 
3765 237 
3766 237 
3767 237 
3768 237 
3769 237 
3770 237 
3771 237 
3772 237 
3773 237 
3774 237 
3775 237 
3776 237 
3777 237 
3778 237 
3779 237 2946 
3780 237 
3781 237 2419 
3782 237 2419 3781 
3783 237 2419 3781 
3784 237 2419 3781 
3785 237 2419 3781 
3786 237 2419 3781 
3787 237 
3788 237 
3789 237 
3790 237 1795 
3791 237 
3792 237 
3793 237 
3794 237 
3795 237 
3796 237 
3797 237 76 77 
3798 237 
3799 237 
3800 237 109 115 
3801 237 
3802 237 
3803 237 188 
3804 237 175 180 
3805 237 
3806 237 
3807 237 94 
3808 237 94 3807 
3809 237 
3810 237 2320 
3811 237 
3812 237 108 
3813 237 
3814 237 3813 
3815 237 3813 
3816 237 3813 
3817 237 3813 
3818 237 3813 
3819 237 
3820 237 
3821 237 
3822 237 
3823 237 
3824 237 
3825 237 
3826 237 
3827 237 
3828 237 
3829 237 
3830 237 
3831 237 
3832 237 
3833 237 
3834 237 
3835 237 
3836 237 118 
3837 237 118 
3838 237 
3839 237 
3840 237 
3841 237 
3842 237 
3843 237 
3844 237 
3845 237 
3846 237 139 1418 
3847 237 
3848 237 
3849 237 
3850 237 
3851 237 
3852 237 1718 
3853 237 
3854 237 
3855 237 1373 
3856 237 
3857 237 
3858 237 
3859 237 3858 
3860 237 3858 
3861 237 3858 
3862 237 3858 2135 
3863 237 3858 
3864 237 3858 
3865 237 3858 
3866 237 3858 
3867 237 3858 
3868 237 3858 
3869 237 
3870 237 
3871 237 
3872 237 
3873 237 
3874 237 
3875 237 
3876 237 
3877 237 
3878 237 
3879 237 
3880 237 
3881 237 
3882 237 
3883 237 161 199 201 
3884 237 
3885 237 
3886 237 
3887 237 76 78 
3888 237 
3889 237 
3890 237 
3891 237 
3892 237 
3893 237 
3894 237 
3895 237 3894 
3896 237 
3897 237 
3898 237 183 
3899 237 123 
3900 237 
3901 237 
3902 237 
3903 237 
3904 237 
3905 237 
3906 237 
3907 237 
3908 237 
3909 237 3908 
3910 237 1287 
3911 237 
3912 237 3911 
3913 237 
3914 237 366 
3915 237 
3916 237 
3917 237 
3918 237 103 104 
3919 237 103 104 3918 
3920 237 
3921 237 
3922 237 
3923 237 1111 
3924 237 151 
3925 237 
3926 237 3925 
3927 237 
3928 237 
3929 237 3929 
3930 237 
3931 237 
3932 237 
3933 237 
3934 237 
3935 237 
3936 237 
3937 237 110 111 3937 
3938 237 
3939 237 
3940 237 3891 
3941 237 
3942 237 
3943 237 
3944 237 
3945 237 
3946 237 2026 
3947 237 2026 
3948 237 
3949 237 
3950 237 
3951 237 
3952 237 
3953 237 
3954 237 
3955 237 
3956 237 
3957 237 20 
3958 237 
3959 237 
3960 237 
3961 237 
3962 237 
3963 237 
3964 237 
3965 237 
3966 237 
3967 237 
3968 237 
3969 237 
3970 237 
3971 237 
3972 237 
3973 237 
3974 237 
3975 237 
3976 237 
3977 237 80 
3978 237 
3979 237 
3980 237 
3981 237 
3982 237 
3983 237 
3984 237 
3985 237 
3986 237 
3987 237 
3988 237 
3989 237 
3990 237 
3991 237 
3992 237 
3993 237 
3994 237 
3995 237 
3996 237 
3997 237 
3998 237 
3999 237 
4000 237 
4001 237 
4002 237 
4003 237 
4004 237 4003 
4005 237 
4006 237 4005 
4007 237 
4008 237 
4009 237 22 
4010 237 
4011 237 191 227 218 228 148 
4012 237 
4013 237 
4014 237 4013 
4015 237 
4016 237 
4017 237 
4018 237 
4019 237 
4020 237 62 
4021 237 
4022 237 
4023 237 1271 1278 
4024 237 
4025 237 
4026 237 218 
4027 237 
4028 237 
4029 237 
4030 237 
4031 237 
4032 237 
4033 237 
4034 237 2946 
4035 237 13 
4036 237 
4037 237 3813 
4038 237 123 
4039 237 
4040 237 
4041 237 
4042 237 
4043 237 
4044 237 
4045 237 
4046 237 
4047 237 
4048 237 
4049 237 634 3393 
4050 237 
4051 237 
4052 237 
4053 237 53 55 
4054 237 
4055 237 
4056 237 
4057 237 
4058 237 
4059 237 
4060 237 
4061 237 4060 
4062 237 
4063 237 
4064 237 
4065 237 76 78 
4066 237 
4067 237 
4068 237 
4069 237 
4070 237 1970 
4071 237 
4072 237 2320 
4073 237 
4074 237 
4075 237 
4076 237 
4077 237 
4078 237 
4079 237 
4080 237 4079 
4081 237 4079 
4082 237 
4083 237 
4084 237 
4085 237 
4086 237 
4087 237 
4088 237 
4089 237 
4090 237 
4091 237 
4092 237 
4093 237 
4094 237 4093 
4095 237 
4096 237 4095 
4097 237 
4098 237 
4099 237 
4100 237 
4101 237 
4102 237 
4103 237 
4104 237 
4105 237 
4106 237 
4107 237 
4108 237 199 
4109 237 
4110 237 
4111 237 
4112 237 
4113 237 
4114 237 4113 
4115 237 
4116 237 
4117 237 2783 
4118 237 
4119 237 
4120 237 
4121 237 
4122 237 
4123 237 
4124 237 170 
4125 237 2463 
4126 237 
4127 237 
4128 237 
4129 237 
4130 237 
4131 237 
4132 237 
4133 237 
4134 237 
4135 237 
4136 237 
4137 237 3262 
4138 237 
4139 237 
4140 237 
4141 237 1921 
4142 237 
4143 237 
4144 237 
4145 237 
4146 237 
4147 237 
4148 237 
4149 237 
4150 237 
4151 237 
4152 237 4152 
4153 237 4152 
4154 237 
4155 237 
4156 237 4156 
4157 237 4156 
4158 237 
4159 237 2327 
4160 237 
4161 237 4160 
4162 237 89 
4163 237 3106 
4164 237 
4165 237 
4166 237 
4167 237 
4168 237 
4169 237 
4170 237 
4171 237 
4172 237 
4173 237 
4174 237 
4175 237 
4176 237 
4177 237 
4178 237 366 
4179 237 
4180 237 
4181 237 
4182 237 
4183 237 
4184 237 
4185 237 110 4184 
4186 237 
4187 237 
4188 237 4187 
4189 237 4187 
4190 237 4187 
4191 237 2419 3781 4187 
4192 237 
4193 237 
4194 237 
4195 237 
4196 237 
4197 237 
4198 237 4198 
4199 237 4198 
4200 237 4198 
4201 237 3805 
4202 237 
4203 237 209 210 
4204 237 
4205 237 4205 
4206 237 
4207 237 
4208 237 
4209 237 
4210 237 1393 
4211 237 
4212 237 
4213 237 
4214 237 
4215 237 
4216 237 
4217 237 
4218 237 191 194 
4219 237 
4220 237 
4221 237 
4222 237 
4223 237 
4224 237 
4225 237 4224 
4226 237 4224 
4227 237 4224 
4228 237 
4229 237 
4230 237 44 3337 
4231 237 191 192 
4232 237 
4233 237 
4234 237 
4235 237 
4236 237 
4237 237 4236 
4238 237 4236 
4239 237 4236 
4240 237 4236 
4241 237 4236 
4242 237 2320 
4243 237 
4244 237 
4245 237 
4246 237 
4247 237 
4248 237 
4249 237 
4250 237 4236 
4251 237 
4252 237 
4253 237 
4254 237 
4255 237 2026 
4256 237 43 
4257 237 
4258 237 
4259 237 
4260 237 
4261 237 
4262 237 
4263 237 
4264 237 
4265 237 87 
4266 237 
4267 237 
4268 237 2314 
4269 237 
4270 237 
4271 237 76 77 
4272 237 
4273 237 144 
4274 237 
4275 237 922 
4276 237 785 
4277 237 
4278 237 1970 4277 
4279 237 
4280 237 1703 
4281 237 1743 
4282 237 1281 
4283 237 
4284 237 
4285 237 
4286 237 
4287 237 109 115 
4288 237 1970 
4289 237 
4290 237 
4291 237 
4292 237 
4293 237 
4294 237 
4295 237 
4296 237 
4297 237 
4298 237 
4299 237 133 
4300 237 3930 
4301 237 
4302 237 
4303 237 
4304 237 
4305 237 4304 
4306 237 
4307 237 
4308 237 88 
4309 237 
4310 237 
4311 237 
4312 237 
4313 237 
4314 237 
4315 237 1499 
4316 237 
4317 237 
4318 237 
4319 237 
4320 237 
4321 237 
4322 237 
4323 237 
4324 237 
4325 237 168 
4326 237 
4327 237 
4328 237 2783 
4329 237 
4330 237 
4331 237 4330 
4332 237 4330 
4333 237 4330 
4334 237 4330 
4335 237 4330 
4336 237 175 176 4330 
4337 237 1 
4338 237 
4339 237 
4340 237 4339 
4341 237 
4342 237 
4343 237 
4344 237 
4345 237 
4346 237 
4347 237 
4348 237 
4349 237 
4350 237 
4351 237 3935 
4352 237 
4353 237 
4354 237 
4355 237 
4356 237 128 
4357 237 
4358 237 
4359 237 
4360 237 199 201 
4361 237 118 
4362 237 1287 
4363 237 
4364 237 
4365 237 
4366 237 224 
4367 237 133 
4368 237 
4369 237 
4370 237 
4371 237 
4372 237 
4373 237 
4374 237 
4375 237 
4376 237 
4377 237 
4378 237 
4379 237 
4380 237 
4381 237 4 
4382 237 175 180 
4383 237 
4384 237 
4385 237 94 
4386 237 60 
4387 237 
4388 237 
4389 237 
4390 237 62 
4391 237 
4392 237 
4393 237 4392 
4394 237 
4395 237 2507 
4396 237 
4397 237 
4398 237 
4399 237 
4400 237 
4401 237 
4402 237 
4403 237 
4404 237 2094 
4405 237 
4406 237 
4407 237 4406 
4408 237 
4409 237 
4410 237 
4411 237 
4412 237 
4413 237 
4414 237 
4415 237 
4416 237 
4417 237 
4418 237 4236 
4419 237 
4420 237 
4421 237 
4422 237 4422 
4423 237 4422 
4424 237 
4425 237 
4426 237 
4427 237 
4428 237 
4429 237 76 
4430 237 
4431 237 
4432 237 
4433 237 
4434 237 
4435 237 
4436 237 
4437 237 
4438 237 
4439 237 
4440 237 
4441 237 148 
4442 237 
4443 237 4442 
4444 237 
4445 237 
4446 237 
4447 237 4330 
4448 237 
4449 237 
4450 237 
4451 237 44 
4452 237 
4453 237 
4454 237 
4455 237 
4456 237 
4457 237 
4458 237 
4459 237 
4460 237 
4461 237 
4462 237 
4463 237 
4464 237 871 22 1136 
4465 237 
4466 237 
4467 237 
4468 237 
4469 237 
4470 237 2847 
4471 237 139 
4472 237 
4473 237 
4474 237 
4475 237 
4476 237 
4477 237 4476 
4478 237 4476 
4479 237 
4480 237 
4481 237 
4482 237 149 2094 
4483 237 
4484 237 53 
4485 237 
4486 237 4485 
4487 237 185 
4488 237 
4489 237 191 194 
4490 237 
4491 237 44 
4492 237 
4493 237 
4494 237 
4495 237 
4496 237 188 
4497 237 
4498 237 
4499 237 
4500 237 128 130 
4501 237 
4502 237 
4503 237 260 
4504 237 
4505 237 
4506 237 
4507 237 151 3924 
4508 237 
4509 237 43 
4510 237 4198 898 4140 
4511 237 4236 
4512 237 4512 
4513 237 
4514 237 64 
4515 237 
4516 237 
4517 237 
4518 237 
4519 237 
4520 237 
4521 237 
4522 237 
4523 237 4523 
4524 237 4523 
4525 237 4523 
4526 237 4523 
4527 237 4523 
4528 237 4523 4528 
4529 237 4523 1948 
4530 237 4523 
4531 237 
4532 237 
4533 237 4532 
4534 237 96 
4535 237 183 
4536 237 227 228 
4537 237 
4538 237 
4539 237 
4540 237 2046 
4541 237 
4542 237 3097 
4543 237 
4544 237 
4545 237 
4546 237 366 2094 
4547 237 
4548 237 60 
4549 237 
4550 237 
4551 237 
4552 237 
4553 237 2419 
4554 237 
4555 237 
4556 237 
4557 237 
4558 237 3068 
4559 237 
4560 237 
4561 237 
4562 237 109 
4563 237 
4564 237 871 2320 2432 
4565 237 
4566 237 
4567 237 
4568 237 
4569 237 3813 141 
4570 237 
4571 237 
4572 237 
4573 237 
4574 237 
4575 237 
4576 237 
4577 237 
4578 237 
4579 237 
4580 237 
4581 237 
4582 237 
4583 237 
4584 237 71 1 
4585 237 
4586 237 
4587 237 
4588 237 
4589 237 4589 
4590 237 97 168 
4591 237 
4592 237 
4593 237 191 192 
4594 237 
4595 237 
4596 237 
4597 237 
4598 237 4597 
4599 237 
4600 237 175 
4601 237 
4602 237 
4603 237 
4604 237 109 
4605 237 103 104 
4606 237 
4607 237 209 
4608 237 25 
4609 237 
4610 237 
4611 237 
4612 237 
4613 237 3536 
4614 237 
4615 237 
4616 237 
4617 237 
4618 237 
4619 237 175 176 
4620 237 
4621 237 
4622 237 
4623 237 
4624 237 
4625 237 
4626 237 
4627 237 3532 3533 
4628 237 
4629 237 
4630 237 
4631 237 
4632 237 
4633 237 
4634 237 
4635 237 
4636 237 
4637 237 
4638 237 
4639 237 
4640 237 
4641 237 157 
4642 237 
4643 237 
4644 237 
4645 237 2001 
4646 237 20 
4647 237 155 
4648 237 
4649 237 110 133 
4650 237 
4651 237 
4652 237 
4653 237 149 
4654 237 
4655 237 4655 
4656 237 4655 
4657 237 
4658 237 2061 4657 
4659 237 
4660 237 
4661 237 
4662 237 4523 
4663 237 
4664 237 
4665 237 
4666 237 
4667 237 
4668 237 
4669 237 
4670 237 4669 
4671 237 
4672 237 
4673 237 
4674 237 
4675 237 
4676 237 23 
4677 237 
4678 237 175 176 
4679 237 
4680 237 4679 
4681 237 
4682 237 110 111 
4683 237 53 55 
4684 237 
4685 237 
4686 237 3068 
4687 237 3068 4686 
4688 237 
4689 237 
4690 237 
4691 237 
4692 237 60 
4693 237 103 
4694 237 
4695 237 
4696 237 
4697 237 
4698 237 175 176 
4699 237 2419 3781 
4700 237 
4701 237 
4702 237 
4703 237 
4704 237 
4705 237 22 
4706 237 
4707 237 4706 
4708 237 
4709 237 
4710 237 4709 
4711 237 1073 
4712 237 170 
4713 237 39 188 
4714 237 157 
4715 237 38 
4716 237 
4717 237 
4718 237 1111 
4719 237 4152 
4720 237 4152 88 1 
4721 237 
4722 237 
4723 237 22 
4724 237 
4725 237 
4726 237 
4727 237 
4728 237 
4729 237 
4730 237 
4731 237 94 118 
4732 237 
4733 237 
4734 237 
4735 237 
4736 237 785 
4737 237 134 
4738 237 
4739 237 60 
4740 237 3146 
4741 237 4224 
4742 237 
4743 237 
4744 237 
4745 237 
4746 237 227 
4747 237 
4748 237 80 16 
4749 237 
4750 237 160 1420 2713 
4751 237 
4752 237 
4753 237 
4754 237 
4755 237 4755 
4756 237 
4757 237 2419 3781 2615 
4758 237 
4759 237 53 
4760 237 
4761 237 
4762 237 
4763 237 
4764 237 
4765 237 103 
4766 237 
4767 237 
4768 237 
4769 237 
4770 237 4097 
4771 237 
4772 237 
4773 237 
4774 237 
4775 237 
4776 237 1552 
4777 237 13 
4778 237 13 
4779 237 
4780 237 
4781 237 4152 
4782 237 
4783 237 
4784 237 
4785 237 
4786 237 
4787 237 2026 4786 
4788 237 
4789 237 206 3366 984 
4790 237 
4791 237 
4792 237 
4793 237 
4794 237 
4795 237 
4796 237 
4797 237 
4798 237 
4799 237 
4800 237 
4801 237 
4802 237 
4803 237 
4804 237 
4805 237 
4806 237 100 
4807 237 
4808 237 4807 
4809 237 4807 
4810 237 4807 
4811 237 4807 1351 
4812 237 110 4807 
4813 237 
4814 237 
4815 237 
4816 237 41 
4817 237 76 
4818 237 
4819 237 4818 
4820 237 4818 
4821 237 4818 
4822 237 4818 
4823 237 4818 
4824 237 
4825 237 
4826 237 
4827 237 109 115 
4828 237 
4829 237 4828 
4830 237 191 192 4828 
4831 237 4828 852 
4832 237 
4833 237 3062 
4834 237 
4835 237 
4836 237 16 
4837 237 
4838 237 
4839 237 160 
4840 237 185 
4841 237 
4842 237 2996 
4843 237 
4844 237 
4845 237 23 
4846 237 
4847 237 
4848 237 
4849 237 4156 4157 
4850 237 
4851 237 
4852 237 
4853 237 4852 
4854 237 1795 
4855 237 
4856 237 
4857 237 
4858 237 
4859 237 1271 
4860 237 
4861 237 
4862 237 
4863 237 60 
4864 237 
4865 237 
4866 237 
4867 237 
4868 237 
4869 237 
4870 237 
4871 237 151 
4872 237 191 
4873 237 
4874 237 
4875 237 
4876 237 155 2550 
4877 237 
4878 237 
4879 237 41 
4880 237 
4881 237 
4882 237 
4883 237 
4884 237 236 
4885 237 
4886 237 
4887 237 
4888 237 
4889 237 
4890 237 
4891 237 
4892 237 
4893 237 
4894 237 
4895 237 175 180 
4896 237 
4897 237 
4898 237 
4899 237 
4900 237 
4901 237 191 194 
4902 237 227 228 
4903 237 
4904 237 
4905 237 
4906 237 
4907 237 
4908 237 
4909 237 
4910 237 
4911 237 
4912 237 
4913 237 
4914 237 
4915 237 191 194 
4916 237 38 
4917 237 38 4916 
4918 237 
4919 237 
4920 237 
4921 237 
4922 237 
4923 237 
4924 237 
4925 237 
4926 237 
4927 237 
4928 237 
4929 237 
4930 237 2561 
4931 237 4931 
4932 237 4931 
4933 237 4931 
4934 237 4931 
4935 237 4931 
4936 237 4931 
4937 237 4931 
4938 237 4931 978 
4939 237 4931 
4940 237 4931 168 
4941 237 
4942 237 2067 4941 
4943 237 39 4941 
4944 237 1970 7 4941 4406 
4945 237 
4946 237 
4947 237 
4948 237 
4949 237 
4950 237 175 4949 
4951 237 
4952 237 
4953 237 4952 
4954 237 
4955 237 
4956 237 199 
4957 237 
4958 237 
4959 237 76 
4960 237 
4961 237 
4962 237 
4963 237 
4964 237 
4965 237 
4966 237 
4967 237 
4968 237 4968 
4969 237 4968 
4970 237 4968 
4971 237 4968 2946 2952 
4972 237 4968 324 
4973 237 4968 
4974 237 4968 4828 
4975 237 
4976 237 
4977 237 
4978 237 
4979 237 
4980 237 
4981 237 
4982 237 
4983 237 
4984 237 
4985 237 44 
4986 237 
4987 237 
4988 237 
4989 237 
4990 237 
4991 237 4991 
4992 237 4991 
4993 237 4991 
4994 237 4991 
4995 237 4991 
4996 237 4991 
4997 237 4991 
4998 237 
4999 237 183 
5000 237 477 
5001 237 
5002 237 
5003 237 
5004 237 
5005 237 
5006 237 4236 
5007 237 
5008 237 
5009 237 
5010 237 
5011 237 5010 
5012 237 7 
5013 237 
5014 237 206 
5015 237 5015 
5016 237 5015 1404 
5017 237 5015 
5018 237 5015 
5019 237 5015 2419 3781 
5020 237 5015 
5021 237 
5022 237 
5023 237 
5024 237 
5025 237 5024 
5026 237 4330 5024 4828 
5027 237 5024 
5028 237 5024 
5029 237 5024 
5030 237 2419 3781 5024 
5031 237 
5032 237 
5033 237 
5034 237 
5035 237 
5036 237 
5037 237 
5038 237 
5039 237 5015 7 
5040 237 
5041 237 
5042 237 
5043 237 
5044 237 
5045 237 2419 4523 
5046 237 
5047 237 
5048 237 
5049 237 199 
5050 237 
5051 237 
5052 237 
5053 237 
5054 237 
5055 237 
5056 237 62 
5057 237 
5058 237 
5059 237 161 163 
5060 237 161 163 5059 
5061 237 161 163 5059 
5062 237 161 163 5059 
5063 237 
5064 237 883 
5065 237 
5066 237 
5067 237 
5068 237 4828 3391 
5069 237 
5070 237 
5071 237 
5072 237 
5073 237 
5074 237 
5075 237 
5076 237 5024 
5077 237 
5078 237 160 5077 
5079 237 4991 
5080 237 4991 5079 
5081 237 4991 1795 144 5079 
5082 237 76 
5083 237 
5084 237 
5085 237 
5086 237 
5087 237 
5088 237 
5089 237 
5090 237 
5091 237 2061 
5092 237 175 180 
5093 237 103 
5094 237 103 5093 
5095 237 103 5093 
5096 237 103 5093 
5097 237 103 5093 
5098 237 103 5093 
5099 237 103 5093 
5100 237 103 5093 
5101 237 103 5093 141 
5102 237 
5103 237 
5104 237 
5105 237 
5106 237 
5107 237 5106 
5108 237 103 785 5093 5106 
5109 237 5015 2946 185 
5110 237 5110 
5111 237 5110 
5112 237 5110 2732 
5113 237 5110 
5114 237 5110 
5115 237 
5116 237 
5117 237 
5118 237 
5119 237 16 
5120 237 39 
5121 237 
5122 237 
5123 237 16 5123 
5124 237 16 5123 
5125 237 53 
5126 237 123 
5127 237 
5128 237 
5129 237 
5130 237 1420 
5131 237 
5132 237 4818 
5133 237 
5134 237 
5135 237 
5136 237 
5137 237 
5138 237 
5139 237 5139 
5140 237 5139 
5141 237 5139 
5142 237 5139 
5143 237 5139 
5144 237 5139 
5145 237 5139 2946 5145 
5146 237 5139 2946 4224 5145 
5147 237 5139 
5148 237 5139 
5149 237 5139 
5150 237 5139 785 2026 
5151 237 4991 188 
5152 237 
5153 237 236 
5154 237 
5155 237 3160 
5156 237 53 108 
5157 237 65 199 3813 201 
5158 237 94 
5159 237 
5160 237 110 111 206 
5161 237 
5162 237 
5163 237 92 
5164 237 
5165 237 
5166 237 
5167 237 
5168 237 41 
5169 237 41 5168 
5170 237 41 5168 
5171 237 41 5168 
5172 237 80 41 5168 
5173 237 41 157 5168 
5174 237 41 5168 
5175 237 871 2407 
5176 237 
5177 237 
5178 237 191 65 25 
5179 237 
5180 237 
5181 237 32 
5182 237 
5183 237 
5184 237 5184 
5185 237 161 5184 163 5024 5059 
5186 237 5184 
5187 237 5184 4968 
5188 237 5184 13 
5189 237 5184 
5190 237 149 5184 3250 
5191 237 5184 
5192 237 
5193 237 157 
5194 237 134 
5195 237 
5196 237 4145 
5197 237 
5198 237 2046 
5199 237 62 
5200 237 
5201 237 
5202 237 
5203 237 5015 3068 
5204 237 62 
5205 237 
5206 237 
5207 237 2740 
5208 237 
5209 237 
5210 237 
5211 237 175 176 
5212 237 
5213 237 
5214 237 5015 60 5213 
5215 237 
5216 237 60 
5217 237 
5218 237 
5219 237 
5220 237 
5221 237 
5222 237 
5223 237 
5224 237 
5225 237 
5226 237 
5227 237 53 55 
5228 237 191 192 141 
5229 237 
5230 237 88 
5231 237 
5232 237 5231 
5233 237 5231 
5234 237 5231 
5235 237 5231 
5236 237 5231 
5237 237 5231 
5238 237 5231 
5239 237 227 5231 228 
5240 237 5231 
5241 237 5231 
5242 237 
5243 237 227 230 
5244 237 
5245 237 
5246 237 
5247 237 149 
5248 237 149 5247 
5249 237 149 5247 
5250 237 39 149 4968 4828 40 5247 
5251 237 871 2432 
5252 237 149 
5253 237 
5254 237 88 
5255 237 88 5254 
5256 237 
5257 237 2207 4330 206 
5258 237 
5259 237 
5260 237 44 1203 
5261 237 
5262 237 
5263 237 
5264 237 
5265 237 
5266 237 4991 5079 
5267 237 76 78 
5268 237 
5269 237 4991 
5270 237 4991 5269 
5271 237 
5272 237 
5273 237 206 
5274 237 
5275 237 
5276 237 103 5093 1772 
5277 237 
5278 237 
5279 237 
5280 237 
5281 237 
5282 237 4078 
5283 237 191 194 
5284 237 170 
5285 237 41 
5286 237 
5287 237 2026 2985 4657 
5288 237 2985 2463 1915 
5289 237 
5290 237 175 176 
5291 237 170 
5292 237 214 
5293 237 168 4187 
5294 237 4828 
5295 237 4236 
5296 237 3813 
5297 237 
5298 237 4523 
5299 237 62 
5300 237 64 
5301 237 4 
5302 237 
5303 237 
5304 237 191 192 
5305 237 
5306 237 
5307 237 4991 5184 
5308 237 161 227 109 230 
5309 237 65 1271 1278 3838 
5310 237 
5311 237 
5312 237 
5313 237 
5314 237 
5315 237 
5316 237 
5317 237 
5318 237 
5319 237 5319 
5320 237 5320 
5321 237 185 5320 
5322 237 
5323 237 199 201 
5324 237 
5325 237 
5326 237 80 151 152 50 
5327 237 151 152 
5328 237 97 
5329 237 151 
5330 237 
5331 237 2946 
5332 237 2419 4224 
5333 237 
5334 237 2001 
5335 237 5335 
5336 237 157 
5337 237 
5338 237 5337 
5339 237 
5340 237 
5341 237 
5342 237 
5343 237 
5344 237 4931 
5345 237 199 38 
5346 237 161 163 
5347 237 
5348 237 5347 
5349 237 5347 
5350 237 5347 
5351 237 5347 
5352 237 5347 
5353 237 5347 
5354 237 5347 
5355 237 5347 
5356 237 5347 
5357 237 
5358 237 122 
5359 237 
5360 237 
5361 237 
5362 237 
5363 237 
5364 237 
5365 237 4205 153 
5366 237 151 152 
5367 237 
5368 237 
5369 237 151 152 
5370 237 5370 
5371 237 5370 
5372 237 25 29 
5373 237 161 163 5059 
5374 237 
5375 237 209 236 
5376 237 
5377 237 
5378 237 
5379 237 4160 4344 
5380 237 
5381 237 
5382 237 1970 3874 
5383 237 110 111 4140 
5384 237 
5385 237 1203 5384 
5386 237 
5387 237 110 111 1795 
5388 237 
5389 237 1 
5390 237 188 
5391 237 
5392 237 
5393 237 20 23 
5394 237 
5395 237 96 
5396 237 209 
5397 237 
5398 237 
5399 237 
5400 237 
5401 237 
5402 237 
5403 237 
5404 237 5403 
5405 237 
5406 237 110 111 5347 
5407 237 110 111 5347 153 5406 
5408 237 39 
5409 237 
5410 237 151 152 
5411 237 
5412 237 
5413 237 
5414 237 
5415 237 4606 
5416 237 144 108 
5417 237 
5418 237 
5419 237 
5420 237 128 
5421 237 
5422 237 5421 
5423 237 4991 149 5079 216 
5424 237 13 
5425 237 76 
5426 237 4339 
5427 237 
5428 237 
5429 237 5428 
5430 237 
5431 237 89 
5432 237 89 
5433 237 
5434 237 
5435 237 
5436 237 175 
5437 237 4152 
5438 237 160 216 
5439 237 
5440 237 1629 
5441 237 174 
5442 237 
5443 237 154 
5444 237 
5445 237 
5446 237 
5447 237 5446 
5448 237 
5449 237 
5450 237 60 
5451 237 
5452 237 
5453 237 1287 
5454 237 
5455 237 
5456 237 
5457 237 
5458 237 
5459 237 4152 
5460 237 
5461 237 183 
5462 237 
5463 237 5184 
5464 237 4991 5079 
5465 237 
5466 237 
5467 237 
5468 237 
5469 237 4762 
5470 237 
5471 237 151 152 50 174 
5472 237 871 202 872 
5473 237 202 
5474 237 161 163 272 
5475 237 
5476 237 
5477 237 
5478 237 50 174 
5479 237 
5480 237 
5481 237 4152 155 
5482 237 4597 
5483 237 
5484 237 
5485 237 2419 
5486 237 2419 
5487 237 1271 
5488 237 
5489 237 80 199 236 5024 201 
5490 237 236 
