0 
1 1 
2 2 
3 2 
4 0 
5 
6 5 
7 
8 8 
9 8 
10 7 
11 
12 11 
13 
14 
15 15 
16 
17 
18 
19 18 
20 18 11 
21 
22 
23 22 
24 24 
25 
26 
27 
28 28 
29 28 
30 27 
31 
32 32 
33 
34 34 
35 34 
36 34 
37 37 
38 37 
39 37 
40 37 
41 
42 
43 42 
44 
45 
46 
47 
48 
49 
50 50 
51 49 
52 
53 52 
54 54 
55 
56 
57 56 
58 56 
59 56 
60 56 
61 56 
62 62 
63 62 
64 
65 64 
66 
67 
68 67 
69 69 
70 69 
71 67 
72 
73 
74 74 
75 74 
76 
77 76 
78 
79 
80 
81 
82 
83 82 
84 82 
85 
86 
87 86 
88 
89 
90 
91 
92 
93 92 
94 94 
95 
96 95 
97 95 72 
98 
99 
100 
101 100 
102 100 
103 
104 
105 104 
106 104 
107 
108 
109 
110 109 
111 
112 
113 
114 
115 114 
116 
117 116 
118 118 
119 118 
120 118 
121 116 
122 116 
123 
124 123 
125 
126 125 
127 
128 
129 
130 129 
131 
132 132 
133 
134 134 
135 
136 
137 137 
138 137 
139 
140 
141 
142 
143 142 
144 142 
145 
146 146 
147 146 
148 146 
149 
150 
151 150 
152 150 
153 153 
154 153 
155 155 
156 155 
157 155 156 
158 
159 158 
160 158 
161 
162 
163 162 
164 164 
165 162 
166 
167 167 
168 
169 169 
170 169 
171 
172 172 
173 172 
174 
175 174 
176 174 
177 
178 178 
179 178 
180 178 
181 
182 
183 182 
184 182 
185 
186 
187 
188 188 
189 188 
190 
191 190 
192 190 
193 190 
194 190 
195 
196 
197 196 
198 
199 198 177 
200 
201 200 
202 
203 202 
204 198 202 
205 
206 
207 
208 207 
209 207 
210 207 
211 
212 
213 212 
214 212 
215 212 
216 
217 216 
218 
219 
220 219 
221 
222 221 
223 221 
224 
225 224 
226 
227 226 
228 
229 228 
230 228 
231 228 
232 232 
233 232 
234 232 233 
235 
236 
237 236 
238 236 
239 236 202 
240 236 
241 
242 241 
243 
244 243 
245 243 
246 
247 246 
248 246 
249 249 
250 249 
251 
252 252 
253 251 
254 254 
255 254 
256 256 
257 256 
258 256 257 
259 256 257 
260 254 
261 251 
262 
263 262 141 
264 262 
265 
266 
267 266 
268 266 162 107 
269 
270 269 
271 269 
272 269 
273 269 
274 269 
275 
276 276 
277 276 
278 275 
279 
280 280 
281 280 
282 280 
283 280 
284 280 166 
285 280 
286 280 
287 280 
288 280 
289 280 
290 280 
291 280 
292 280 
293 280 
294 280 
295 280 
296 280 
297 280 
298 280 
299 280 
300 280 
301 280 
302 280 
303 280 
304 280 
305 280 
306 280 
307 280 
308 280 
309 280 
310 280 
311 280 
312 280 
313 280 
314 280 
315 280 
316 280 
317 280 
318 280 
319 280 
320 280 256 
321 280 
322 280 
323 280 
324 280 
325 280 
326 280 325 
327 280 
328 280 
329 280 
330 280 
331 280 
332 280 
333 280 41 
334 280 
335 280 
336 280 
337 280 
338 280 
339 280 
340 280 
341 280 
342 280 
343 280 
344 280 
345 280 
346 280 
347 280 
348 280 
349 280 
350 280 
351 280 
352 280 
353 280 
354 280 
355 280 
356 280 
357 280 
358 280 
359 280 
360 280 
361 280 
362 280 
363 280 
364 280 
365 280 
366 280 
367 280 
368 280 
369 280 
370 280 
371 280 
372 280 
373 280 
374 280 
375 280 
376 280 
377 280 
378 280 
379 280 
380 280 
381 280 
382 280 
383 280 
384 280 
385 280 16 
386 280 
387 280 
388 280 
389 280 
390 280 82 
391 280 
392 280 
393 280 
394 280 
395 280 164 
396 280 
397 280 
398 280 
399 280 
400 280 190 
401 280 
402 280 
403 280 
404 280 
405 280 
406 280 
407 280 
408 280 
409 280 73 
410 280 
411 280 
412 280 
413 280 
414 280 
415 280 
416 280 
417 280 
418 280 
419 280 
420 280 
421 280 
422 280 
423 280 
424 280 
425 280 
426 280 
427 280 
428 280 
429 280 
430 280 
431 280 
432 280 
433 280 
434 280 
435 280 
436 280 
437 280 
438 280 
439 280 
440 280 
441 280 
442 280 
443 280 
444 280 
445 280 
446 280 195 
447 280 
448 280 
449 280 
450 280 
451 280 
452 280 
453 280 
454 280 
455 280 454 
456 280 454 
457 280 
458 280 
459 280 458 
460 280 458 
461 280 207 
462 280 
463 280 
464 280 
465 280 464 
466 280 
467 280 
468 280 
469 280 
470 280 
471 280 
472 280 
473 280 
474 280 
475 280 
476 280 
477 280 34 477 
478 280 
479 280 
480 280 
481 280 
482 280 
483 280 
484 280 
485 280 
486 280 
487 280 
488 280 
489 280 
490 280 
491 280 47 
492 280 
493 280 
494 280 
495 280 
496 280 
497 280 207 
498 280 
499 280 56 
500 280 
501 280 
502 280 
503 280 
504 280 
505 280 
506 280 
507 280 
508 280 
509 280 
510 280 
511 280 
512 280 
513 280 
514 280 
515 280 
516 280 
517 280 
518 280 
519 280 
520 280 
521 280 
522 280 
523 280 
524 280 
525 280 
526 280 
527 280 135 
528 280 
529 280 
530 280 
531 280 
532 280 
533 280 
534 280 249 56 
535 280 
536 280 
537 280 
538 280 
539 280 
540 280 
541 280 
542 280 
543 280 79 
544 280 125 
545 280 
546 280 
547 280 17 
548 280 
549 280 
550 280 109 
551 280 
552 280 
553 280 
554 280 
555 280 
556 280 182 
557 280 
558 280 
559 280 
560 280 
561 280 
562 280 
563 280 
564 280 
565 280 
566 280 
567 280 
568 280 
569 280 26 
570 280 
571 280 
572 280 
573 280 572 
574 280 
575 280 
576 280 
577 280 
578 280 
579 280 
580 280 
581 280 
582 280 
583 280 
584 280 
585 280 
586 280 
587 280 
588 280 
589 280 13 
590 280 
591 280 
592 280 
593 280 
594 280 
595 280 109 
596 280 
597 280 
598 280 
599 280 25 
600 280 
601 280 
602 280 
603 280 
604 280 109 
605 280 
606 280 
607 280 
608 280 
609 280 
610 280 
611 280 
612 280 
613 280 
614 280 
615 280 
616 280 
617 280 
618 280 
619 280 
620 280 
621 280 
622 280 
623 280 
624 280 
625 280 
626 280 178 
627 280 
628 280 
629 280 
630 280 
631 280 
632 280 205 
633 280 
634 280 25 
635 280 
636 280 
637 280 
638 280 
639 280 
640 280 
641 280 
642 280 
643 280 
644 280 
645 280 
646 280 
647 280 
648 280 
649 280 
650 280 
651 280 
652 280 
653 280 
654 280 
655 280 
656 280 
657 280 
658 280 
659 280 
660 280 
661 280 
662 280 
663 280 
664 280 
665 280 
666 280 
667 280 
668 280 172 
669 280 
670 280 
671 280 
672 280 
673 280 
674 280 
675 280 
676 280 
677 280 
678 280 
679 280 
680 280 
681 280 
682 280 
683 280 
684 280 
685 280 
686 280 
687 280 
688 280 
689 280 
690 280 
691 280 
692 280 
693 280 
694 280 
695 280 
696 280 
697 280 
698 280 
699 280 
700 280 
701 280 
702 280 
703 280 5 
704 280 666 
705 280 
706 280 
707 280 
708 280 
709 280 
710 280 
711 280 
712 280 
713 280 
714 280 
715 280 
716 280 
717 280 
718 280 
719 280 
720 280 
721 280 
722 280 
723 280 
724 280 
725 280 
726 280 
727 280 
728 280 
729 280 
730 280 
731 280 
732 280 
733 280 
734 280 
735 280 
736 280 
737 280 
738 280 
739 280 
740 280 
741 280 
742 280 
743 280 
744 280 
745 280 
746 280 
747 280 
748 280 
749 280 
750 280 
751 280 
752 280 
753 280 
754 280 
755 280 
756 280 56 177 
757 280 
758 280 
759 280 
760 280 
761 280 
762 280 
763 280 
764 280 
765 280 
766 280 
767 280 
768 280 
769 280 
770 280 
771 280 
772 280 
773 280 
774 280 
775 280 
776 280 
777 280 
778 280 
779 280 118 
780 280 
781 280 
782 280 
783 280 
784 280 
785 280 
786 280 
787 280 
788 280 
789 280 
790 280 
791 280 
792 280 
793 280 
794 280 
795 280 
796 280 
797 280 
798 280 
799 280 
800 280 
801 280 
802 280 
803 280 
804 280 
805 280 
806 280 
807 280 
808 280 
809 280 
810 280 
811 280 
812 280 
813 280 
814 280 
815 280 
816 280 
817 280 
818 280 
819 280 
820 280 
821 280 
822 280 
823 280 
824 280 
825 280 
826 280 
827 280 
828 280 
829 280 
830 280 
831 280 
832 280 
833 280 
834 280 
835 280 
836 280 
837 280 232 17 
838 280 
839 280 
840 280 
841 280 
842 280 
843 280 
844 280 
845 280 
846 280 803 
847 280 
848 280 
849 280 
850 280 
851 280 
852 280 
853 280 166 
854 280 
855 280 
856 280 
857 280 
858 280 52 
859 280 
860 280 
861 280 
862 280 
863 280 
864 280 
865 280 
866 280 
867 280 
868 280 
869 280 
870 280 
871 280 
872 280 
873 280 
874 280 
875 280 
876 280 
877 280 
878 280 
879 280 
880 280 879 
881 280 881 
882 280 
883 280 
884 280 
885 280 
886 280 
887 280 
888 280 
889 280 
890 280 
891 280 
892 280 
893 280 
894 280 
895 280 
896 280 
897 280 
898 280 
899 280 
900 280 
901 280 
902 280 
903 280 
904 280 
905 280 
906 280 
907 280 
908 280 
909 280 
910 280 
911 280 
912 280 
913 280 
914 280 
915 280 
916 280 915 
917 280 
918 280 224 
919 280 
920 280 
921 280 
922 280 
923 280 922 
924 280 
925 280 
926 280 
927 280 
928 280 
929 280 
930 280 
931 280 
932 280 
933 280 
934 280 
935 280 
936 280 
937 280 936 
938 280 938 
939 280 938 
940 280 
941 280 
942 280 
943 280 
944 280 
945 280 
946 280 
947 280 
948 280 
949 280 
950 280 
951 280 
952 280 
953 280 
954 280 954 
955 280 954 
956 280 
957 280 
958 280 
959 280 
960 280 
961 280 
962 280 
963 280 219 
964 280 
965 280 
966 280 
967 280 86 
968 280 
969 280 
970 280 
971 280 
972 280 
973 280 
974 280 973 
975 280 
976 280 142 
977 280 
978 280 
979 280 
980 280 
981 280 
982 280 
983 280 
984 280 
985 280 
986 280 
987 280 
988 280 
989 280 
990 280 
991 280 
992 280 
993 280 
994 280 
995 280 
996 280 
997 280 
998 280 
999 280 
1000 280 
1001 280 
1002 280 
1003 280 
1004 280 
1005 280 
1006 280 
1007 280 
1008 280 
1009 280 
1010 280 
1011 280 
1012 280 
1013 280 
1014 280 
1015 280 
1016 280 
1017 280 
1018 280 22 
1019 280 
1020 280 
1021 280 
1022 280 
1023 280 
1024 280 
1025 280 
1026 280 
1027 280 
1028 280 
1029 280 
1030 280 
1031 280 195 
1032 280 
1033 280 
1034 280 
1035 280 
1036 280 
1037 280 
1038 280 
1039 280 
1040 280 
1041 280 
1042 280 
1043 280 
1044 280 
1045 280 
1046 280 
1047 280 
1048 280 
1049 280 
1050 280 
1051 280 
1052 280 
1053 280 
1054 280 
1055 280 
1056 280 
1057 280 
1058 280 
1059 280 
1060 280 
1061 280 
1062 280 
1063 280 
1064 280 
1065 280 
1066 280 
1067 280 
1068 280 
1069 280 
1070 280 
1071 280 
1072 280 
1073 280 
1074 280 
1075 280 
1076 280 
1077 280 
1078 280 
1079 280 
1080 280 
1081 280 
1082 280 
1083 280 
1084 280 
1085 280 
1086 280 
1087 280 
1088 280 
1089 280 
1090 280 
1091 280 
1092 280 
1093 280 
1094 280 
1095 280 
1096 280 
1097 280 
1098 280 
1099 280 
1100 280 
1101 280 
1102 280 
1103 280 
1104 280 
1105 280 
1106 280 
1107 280 169 
1108 280 
1109 280 
1110 280 
1111 280 
1112 280 
1113 280 
1114 280 
1115 280 
1116 280 
1117 280 
1118 280 
1119 280 
1120 280 
1121 280 
1122 280 
1123 280 
1124 280 
1125 280 
1126 280 
1127 280 
1128 280 
1129 280 
1130 280 1129 
1131 280 
1132 280 
1133 280 
1134 280 
1135 280 
1136 280 
1137 280 
1138 280 458 
1139 280 
1140 280 
1141 280 
1142 280 
1143 280 1142 
1144 280 
1145 280 
1146 280 
1147 280 
1148 280 
1149 280 
1150 280 
1151 280 
1152 280 
1153 280 
1154 280 
1155 280 
1156 280 
1157 280 
1158 280 
1159 280 
1160 280 
1161 280 
1162 280 
1163 280 
1164 280 
1165 280 
1166 280 
1167 280 
1168 280 
1169 280 
1170 280 
1171 280 
1172 280 
1173 280 
1174 280 
1175 280 
1176 280 
1177 280 
1178 280 
1179 280 
1180 280 
1181 280 
1182 280 
1183 280 
1184 280 
1185 280 
1186 280 
1187 280 
1188 280 
1189 280 
1190 280 
1191 280 
1192 280 
1193 280 
1194 280 
1195 280 
1196 280 
1197 280 
1198 280 
1199 280 
1200 280 
1201 280 
1202 280 
1203 280 
1204 280 1203 
1205 280 
1206 280 
1207 280 
1208 280 
1209 280 
1210 280 
1211 280 
1212 280 
1213 280 
1214 280 
1215 280 
1216 280 
1217 280 
1218 280 
1219 280 
1220 280 
1221 280 
1222 280 
1223 280 
1224 280 
1225 280 
1226 280 
1227 280 
1228 280 
1229 280 
1230 280 
1231 280 
1232 280 
1233 280 
1234 280 
1235 280 
1236 280 
1237 280 
1238 280 256 257 
1239 280 
1240 280 
1241 280 1240 
1242 280 1101 
1243 280 
1244 280 
1245 280 
1246 280 
1247 280 
1248 280 
1249 280 
1250 280 
1251 280 
1252 280 
1253 280 
1254 280 
1255 280 
1256 280 
1257 280 
1258 280 73 
1259 280 
1260 280 
1261 280 
1262 280 
1263 280 
1264 280 
1265 280 
1266 280 
1267 280 
1268 280 
1269 280 
1270 280 
1271 280 
1272 280 
1273 280 
1274 280 
1275 280 
1276 280 
1277 280 
1278 280 
1279 280 
1280 280 
1281 280 
1282 280 
1283 280 
1284 280 
1285 280 
1286 280 
1287 280 
1288 280 
1289 280 
1290 280 
1291 280 
1292 280 
1293 280 
1294 280 
1295 280 
1296 280 
1297 280 13 
1298 280 
1299 280 
1300 280 
1301 280 
1302 280 
1303 280 
1304 280 1303 
1305 280 
1306 280 
1307 280 
1308 280 
1309 280 
1310 280 
1311 280 
1312 280 
1313 280 
1314 280 
1315 280 
1316 280 
1317 280 
1318 280 
1319 280 
1320 280 
1321 280 
1322 280 
1323 280 
1324 280 
1325 280 
1326 280 
1327 280 
1328 280 
1329 280 
1330 280 
1331 280 
1332 280 
1333 280 
1334 280 114 
1335 280 158 
1336 280 
1337 280 
1338 280 
1339 280 
1340 280 
1341 280 591 
1342 280 
1343 280 
1344 280 
1345 280 
1346 280 
1347 280 
1348 280 
1349 280 
1350 280 
1351 280 
1352 280 
1353 280 
1354 280 
1355 280 
1356 280 
1357 280 
1358 280 
1359 280 1358 
1360 280 
1361 280 
1362 280 
1363 280 
1364 280 
1365 280 
1366 280 
1367 280 
1368 280 1367 
1369 280 
1370 280 
1371 280 1371 
1372 280 
1373 280 
1374 280 
1375 280 
1376 280 1375 
1377 280 1375 
1378 280 
1379 280 
1380 280 
1381 280 
1382 280 1381 
1383 280 
1384 280 
1385 280 
1386 280 
1387 280 
1388 280 
1389 280 
1390 280 
1391 280 
1392 280 
1393 280 
1394 280 
1395 280 
1396 280 
1397 280 
1398 280 
1399 280 
1400 280 
1401 280 
1402 280 
1403 280 
1404 280 508 
1405 280 
1406 280 
1407 280 168 
1408 280 
1409 280 
1410 280 
1411 280 
1412 280 
1413 280 
1414 280 
1415 280 
1416 280 56 46 
1417 280 
1418 280 
1419 280 
1420 280 
1421 280 
1422 280 
1423 280 
1424 280 
1425 280 
1426 280 
1427 280 
1428 280 
1429 280 
1430 280 
1431 280 
1432 280 
1433 280 
1434 280 
1435 280 
1436 280 
1437 280 
1438 280 
1439 280 
1440 280 
1441 280 
1442 280 
1443 280 
1444 280 936 
1445 280 
1446 280 
1447 280 
1448 280 
1449 280 
1450 280 
1451 280 
1452 280 
1453 280 
1454 280 
1455 280 
1456 280 
1457 280 
1458 280 
1459 280 
1460 280 
1461 280 
1462 280 
1463 280 
1464 280 
1465 280 
1466 280 
1467 280 
1468 280 
1469 280 
1470 280 
1471 280 
1472 280 
1473 280 64 86 
1474 280 
1475 280 
1476 280 
1477 280 1375 
1478 280 
1479 280 
1480 280 
1481 280 
1482 280 
1483 280 
1484 280 
1485 280 
1486 280 
1487 280 
1488 280 
1489 280 
1490 280 
1491 280 
1492 280 171 
1493 280 
1494 280 
1495 280 
1496 280 
1497 280 
1498 280 
1499 280 
1500 280 
1501 280 
1502 280 
1503 280 
1504 280 
1505 280 
1506 280 
1507 280 
1508 280 
1509 280 
1510 280 1509 
1511 280 
1512 280 
1513 280 
1514 280 
1515 280 
1516 280 190 100 
1517 280 
1518 280 
1519 280 
1520 280 
1521 280 
1522 280 
1523 280 
1524 280 
1525 280 
1526 280 
1527 280 
1528 280 
1529 280 
1530 280 1530 
1531 280 1530 
1532 280 
1533 280 
1534 280 256 
1535 280 
1536 280 
1537 280 
1538 280 
1539 280 
1540 280 
1541 280 922 
1542 280 
1543 280 
1544 280 
1545 280 
1546 280 56 
1547 280 
1548 280 
1549 280 
1550 280 1550 
1551 280 
1552 280 
1553 280 
1554 280 
1555 280 
1556 280 
1557 280 
1558 280 
1559 280 1559 
1560 280 
1561 280 1561 
1562 280 
1563 280 
1564 280 
1565 280 
1566 280 
1567 280 
1568 280 
1569 280 
1570 280 
1571 280 
1572 280 
1573 280 
1574 280 
1575 280 
1576 280 
1577 280 
1578 280 
1579 280 
1580 280 
1581 280 
1582 280 
1583 280 
1584 280 1583 
1585 280 
1586 280 
1587 280 
1588 280 
1589 280 
1590 280 
1591 280 
1592 280 
1593 280 
1594 280 
1595 280 
1596 280 
1597 280 
1598 280 
1599 280 
1600 280 
1601 280 
1602 280 
1603 280 
1604 280 
1605 280 
1606 280 
1607 280 
1608 280 
1609 280 
1610 280 
1611 280 
1612 280 
1613 280 
1614 280 
1615 280 
1616 280 
1617 280 
1618 280 
1619 280 
1620 280 
1621 280 
1622 280 
1623 280 
1624 280 
1625 280 1624 
1626 280 
1627 280 
1628 280 
1629 280 
1630 280 
1631 280 
1632 280 
1633 280 
1634 280 
1635 280 
1636 280 
1637 280 
1638 280 
1639 280 
1640 280 
1641 280 
1642 280 1641 
1643 280 1643 
1644 280 
1645 280 
1646 280 
1647 280 
1648 280 
1649 280 
1650 280 1650 
1651 280 
1652 280 
1653 280 
1654 280 
1655 280 
1656 280 
1657 280 
1658 280 
1659 280 
1660 280 
1661 280 
1662 280 
1663 280 
1664 280 
1665 280 
1666 280 
1667 280 
1668 280 
1669 280 
1670 280 1669 
1671 280 
1672 280 
1673 280 1672 
1674 280 
1675 280 
1676 280 
1677 280 
1678 280 1677 
1679 280 
1680 280 
1681 280 
1682 280 
1683 280 
1684 280 
1685 280 
1686 280 
1687 280 
1688 280 
1689 280 
1690 280 
1691 280 
1692 280 
1693 280 
1694 280 
1695 280 
1696 280 
1697 280 
1698 280 
1699 280 
1700 280 
1701 280 
1702 280 
1703 280 
1704 280 
1705 280 
1706 280 
1707 280 
1708 280 
1709 280 
1710 280 
1711 280 
1712 280 1611 
1713 280 
1714 280 
1715 280 
1716 280 
1717 280 
1718 280 
1719 280 
1720 280 149 
1721 280 
1722 280 
1723 280 
1724 280 
1725 280 
1726 280 
1727 280 
1728 280 
1729 280 
1730 280 
1731 280 
1732 280 
1733 280 
1734 280 
1735 280 
1736 280 
1737 280 
1738 280 
1739 280 
1740 280 
1741 280 
1742 280 
1743 280 
1744 280 
1745 280 
1746 280 
1747 280 
1748 280 
1749 280 
1750 280 
1751 280 
1752 280 
1753 280 
1754 280 
1755 280 
1756 280 
1757 280 
1758 280 
1759 280 
1760 280 
1761 280 
1762 280 
1763 280 
1764 280 
1765 280 
1766 280 
1767 280 
1768 280 
1769 280 
1770 280 
1771 280 
1772 280 
1773 280 
1774 280 
1775 280 
1776 280 207 
1777 280 
1778 280 
1779 280 
1780 280 
1781 280 
1782 280 1781 
1783 280 
1784 280 1783 
1785 280 1783 
1786 280 
1787 280 
1788 280 
1789 280 
1790 280 
1791 280 
1792 280 
1793 280 
1794 280 
1795 280 
1796 280 
1797 280 
1798 280 1798 
1799 280 
1800 280 
1801 280 
1802 280 
1803 280 
1804 280 
1805 280 
1806 280 
1807 280 
1808 280 
1809 280 1331 
1810 280 
1811 280 
1812 280 
1813 280 
1814 280 936 
1815 280 
1816 280 
1817 280 
1818 280 
1819 280 
1820 280 
1821 280 
1822 280 
1823 280 
1824 280 
1825 280 
1826 280 
1827 280 
1828 280 
1829 280 
1830 280 
1831 280 
1832 280 1831 
1833 280 
1834 280 
1835 280 
1836 280 
1837 280 
1838 280 
1839 280 
1840 280 1839 
1841 280 
1842 280 
1843 280 
1844 280 
1845 280 
1846 280 
1847 280 
1848 280 
1849 280 
1850 280 
1851 280 
1852 280 1851 
1853 280 
1854 280 
1855 280 
1856 280 
1857 280 
1858 280 
1859 280 
1860 280 
1861 280 
1862 280 
1863 280 
1864 280 
1865 280 
1866 280 1012 
1867 280 
1868 280 
1869 280 
1870 280 
1871 280 
1872 280 
1873 280 
1874 280 
1875 280 
1876 280 
1877 280 
1878 280 
1879 280 
1880 280 
1881 280 
1882 280 
1883 280 1086 
1884 280 
1885 280 
1886 280 
1887 280 
1888 280 
1889 280 
1890 280 
1891 280 
1892 280 
1893 280 
1894 280 
1895 280 
1896 280 
1897 280 
1898 280 
1899 280 
1900 280 
1901 280 
1902 280 
1903 280 
1904 280 
1905 280 
1906 280 
1907 280 
1908 280 
1909 280 
1910 280 
1911 280 
1912 280 
1913 280 
1914 280 
1915 280 
1916 280 
1917 280 
1918 280 135 
1919 280 
1920 280 
1921 280 
1922 280 
1923 280 127 
1924 280 
1925 280 
1926 280 
1927 280 
1928 280 
1929 280 
1930 280 
1931 280 
1932 280 42 
1933 280 
1934 280 
1935 280 
1936 280 
1937 280 
1938 280 
1939 280 
1940 280 
1941 280 
1942 280 
1943 280 
1944 280 
1945 280 
1946 280 
1947 280 
1948 280 
1949 280 
1950 280 
1951 280 
1952 280 
1953 280 
1954 280 
1955 280 
1956 280 
1957 280 
1958 280 
1959 280 
1960 280 
1961 280 
1962 280 54 
1963 280 
1964 280 
1965 280 
1966 280 
1967 280 
1968 280 
1969 280 
1970 280 
1971 280 
1972 280 
1973 280 
1974 280 
1975 280 
1976 280 1975 
1977 280 
1978 280 
1979 280 
1980 280 1979 
1981 280 
1982 280 
1983 280 
1984 280 
1985 280 
1986 280 
1987 280 
1988 280 
1989 280 132 131 
1990 280 
1991 280 
1992 280 
1993 280 
1994 280 
1995 280 1783 
1996 280 16 145 
1997 280 
1998 280 
1999 280 
2000 280 
2001 280 
2002 280 1958 
2003 280 
2004 280 
2005 280 
2006 280 
2007 280 
2008 280 2007 
2009 280 2007 
2010 280 2007 
2011 280 
2012 280 2011 
2013 280 
2014 280 
2015 280 
2016 280 
2017 280 
2018 280 
2019 280 
2020 280 
2021 280 
2022 280 
2023 280 
2024 280 
2025 280 24 
2026 280 
2027 280 
2028 280 
2029 280 
2030 280 
2031 280 
2032 280 
2033 280 
2034 280 2033 
2035 280 2033 
2036 280 
2037 280 
2038 280 
2039 280 
2040 280 254 255 
2041 280 249 
2042 280 
2043 280 
2044 280 
2045 280 
2046 280 
2047 280 
2048 280 
2049 280 
2050 280 
2051 280 
2052 280 
2053 280 2053 
2054 280 2053 
2055 280 
2056 280 
2057 280 2056 
2058 280 
2059 280 
2060 280 
2061 280 
2062 280 
2063 280 
2064 280 
2065 280 
2066 280 
2067 280 
2068 280 
2069 280 
2070 280 2069 
2071 280 
2072 280 
2073 280 
2074 280 
2075 280 
2076 280 
2077 280 
2078 280 
2079 280 
2080 280 
2081 280 
2082 280 
2083 280 
2084 280 
2085 280 
2086 280 
2087 280 
2088 280 
2089 280 
2090 280 
2091 280 
2092 280 
2093 280 92 129 
2094 280 
2095 280 
2096 280 
2097 280 922 
2098 280 
2099 280 
2100 280 
2101 280 56 
2102 280 
2103 280 
2104 280 
2105 280 
2106 280 
2107 280 
2108 280 
2109 280 256 
2110 280 
2111 280 
2112 280 
2113 280 
2114 280 
2115 280 
2116 280 
2117 280 
2118 280 
2119 280 2118 
2120 280 2118 
2121 280 
2122 280 
2123 280 
2124 280 
2125 280 
2126 280 
2127 280 
2128 280 
2129 280 
2130 280 
2131 280 
2132 280 
2133 280 
2134 280 
2135 280 
2136 280 
2137 280 
2138 280 
2139 280 
2140 280 
2141 280 
2142 280 
2143 280 
2144 280 
2145 280 
2146 280 
2147 280 
2148 280 
2149 280 
2150 280 
2151 280 
2152 280 
2153 280 
2154 280 
2155 280 
2156 280 
2157 280 
2158 280 1478 
2159 280 1749 
2160 280 
2161 280 
2162 280 
2163 280 
2164 280 
2165 280 
2166 280 
2167 280 
2168 280 
2169 280 
2170 280 
2171 280 
2172 280 
2173 280 
2174 280 
2175 280 
2176 280 
2177 280 
2178 280 
2179 280 
2180 280 2180 
2181 280 2180 
2182 280 235 
2183 280 
2184 280 2183 
2185 280 
2186 280 
2187 280 
2188 280 
2189 280 2188 
2190 280 
2191 280 
2192 280 1462 
2193 280 
2194 280 
2195 280 
2196 280 
2197 280 
2198 280 
2199 280 
2200 280 
2201 280 
2202 280 
2203 280 
2204 280 
2205 280 1358 
2206 280 
2207 280 
2208 280 
2209 280 
2210 280 
2211 280 
2212 280 1046 
2213 280 
2214 280 
2215 280 
2216 280 
2217 280 
2218 280 
2219 280 
2220 280 
2221 280 
2222 280 
2223 280 
2224 280 
2225 280 
2226 280 
2227 280 
2228 280 
2229 280 922 
2230 280 
2231 280 
2232 280 
2233 280 
2234 280 
2235 280 
2236 280 
2237 280 
2238 280 
2239 280 
2240 280 
2241 280 
2242 280 42 
2243 280 
2244 280 
2245 280 
2246 280 
2247 280 
2248 280 
2249 280 
2250 280 
2251 280 
2252 280 
2253 280 
2254 280 73 
2255 280 
2256 280 
2257 280 
2258 280 
2259 280 
2260 280 
2261 280 
2262 280 
2263 280 
2264 280 
2265 280 
2266 280 
2267 280 
2268 280 
2269 280 
2270 280 
2271 280 
2272 280 
2273 280 
2274 280 
2275 280 
2276 280 
2277 280 1530 
2278 280 
2279 280 
2280 280 
2281 280 
2282 280 
2283 280 
2284 280 
2285 280 
2286 280 1977 
2287 280 
2288 280 
2289 280 
2290 280 2289 
2291 280 
2292 280 
2293 280 
2294 280 
2295 280 2294 
2296 280 
2297 280 
2298 280 
2299 280 
2300 280 2188 748 
2301 280 
2302 280 125 372 
2303 280 
2304 280 73 
2305 280 
2306 280 
2307 280 
2308 280 
2309 280 
2310 280 
2311 280 
2312 280 94 903 
2313 280 
2314 280 
2315 280 
2316 280 
2317 280 
2318 280 
2319 280 
2320 280 
2321 280 
2322 280 
2323 280 
2324 280 
2325 280 
2326 280 
2327 280 2327 
2328 280 2327 
2329 280 2327 
2330 280 1669 
2331 280 
2332 280 
2333 280 56 7 
2334 280 
2335 280 
2336 280 1358 
2337 280 
2338 280 
2339 280 
2340 280 219 
2341 280 
2342 280 
2343 280 
2344 280 
2345 280 
2346 280 
2347 280 
2348 280 
2349 280 
2350 280 
2351 280 
2352 280 
2353 280 
2354 280 
2355 280 
2356 280 
2357 280 
2358 280 
2359 280 
2360 280 
2361 280 
2362 280 
2363 280 
2364 280 62 
2365 280 
2366 280 
2367 280 
2368 280 
2369 280 
2370 280 
2371 280 2 
2372 280 
2373 280 
2374 280 
2375 280 1697 
2376 280 
2377 280 
2378 280 
2379 280 
2380 280 
2381 280 
2382 280 
2383 280 
2384 280 
2385 280 
2386 280 
2387 280 
2388 280 
2389 280 
2390 280 
2391 280 
2392 280 
2393 280 
2394 280 924 
2395 280 
2396 280 
2397 280 
2398 280 
2399 280 
2400 280 
2401 280 
2402 280 
2403 280 69 
2404 280 69 2403 
2405 280 
2406 280 
2407 280 
2408 280 
2409 280 
2410 280 
2411 280 2 2410 
2412 280 
2413 280 
2414 280 
2415 280 
2416 280 
2417 280 
2418 280 
2419 280 
2420 280 
2421 280 
2422 280 
2423 280 
2424 280 
2425 280 
2426 280 
2427 280 
2428 280 
2429 280 
2430 280 
2431 280 
2432 280 
2433 280 
2434 280 2433 
2435 280 
2436 280 
2437 280 
2438 280 
2439 280 
2440 280 2439 
2441 280 
2442 280 
2443 280 
2444 280 
2445 280 
2446 280 
2447 280 
2448 280 
2449 280 
2450 280 
2451 280 
2452 280 
2453 280 56 
2454 280 98 
2455 280 49 
2456 280 
2457 280 
2458 280 
2459 280 
2460 280 
2461 280 2 
2462 280 1936 
2463 280 
2464 280 2463 
2465 280 
2466 280 
2467 280 2466 
2468 280 2466 
2469 280 2466 
2470 280 
2471 280 
2472 280 
2473 280 
2474 280 
2475 280 
2476 280 
2477 280 
2478 280 
2479 280 
2480 280 
2481 280 178 167 
2482 280 
2483 280 2482 
2484 280 2482 
2485 280 2482 
2486 280 
2487 280 
2488 280 
2489 280 
2490 280 241 
2491 280 
2492 280 
2493 280 
2494 280 
2495 280 
2496 280 
2497 280 
2498 280 190 
2499 280 
2500 280 
2501 280 
2502 280 
2503 280 
2504 280 
2505 280 
2506 280 
2507 280 639 
2508 280 
2509 280 
2510 280 
2511 280 
2512 280 2033 136 
2513 280 
2514 280 
2515 280 
2516 280 
2517 280 
2518 280 
2519 280 
2520 280 
2521 280 
2522 280 
2523 280 256 257 
2524 280 
2525 280 
2526 280 
2527 280 
2528 280 
2529 280 
2530 280 
2531 280 
2532 280 
2533 280 
2534 280 
2535 280 
2536 280 
2537 280 
2538 280 
2539 280 
2540 280 
2541 280 100 
2542 280 56 
2543 280 
2544 280 
2545 280 
2546 280 
2547 280 
2548 280 
2549 280 
2550 280 
2551 280 
2552 280 
2553 280 
2554 280 
2555 280 
2556 280 
2557 280 
2558 280 
2559 280 
2560 280 
2561 280 
2562 280 
2563 280 
2564 280 
2565 280 
2566 280 
2567 280 
2568 280 
2569 280 
2570 280 
2571 280 
2572 280 
2573 280 
2574 280 
2575 280 
2576 280 
2577 280 
2578 280 
2579 280 
2580 280 
2581 280 226 
2582 280 69 
2583 280 94 
2584 280 
2585 280 
2586 280 
2587 280 
2588 280 
2589 280 
2590 280 18 
2591 280 118 
2592 280 
2593 280 2592 
2594 280 
2595 280 
2596 280 
2597 280 
2598 280 
2599 280 
2600 280 
2601 280 
2602 280 
2603 280 
2604 280 
2605 280 
2606 280 
2607 280 
2608 280 
2609 280 
2610 280 
2611 280 
2612 280 
2613 280 
2614 280 
2615 280 
2616 280 922 
2617 280 
2618 280 
2619 280 
2620 280 
2621 280 
2622 280 2621 
2623 280 
2624 280 
2625 280 
2626 280 
2627 280 
2628 280 
2629 280 
2630 280 
2631 280 153 
2632 280 
2633 280 2632 
2634 280 
2635 280 
2636 280 
2637 280 
2638 280 
2639 280 
2640 280 
2641 280 
2642 280 
2643 280 
2644 280 
2645 280 
2646 280 
2647 280 
2648 280 
2649 280 
2650 280 
2651 280 924 2572 
2652 280 
2653 280 
2654 280 
2655 280 
2656 280 
2657 280 
2658 280 
2659 280 
2660 280 2007 
2661 280 
2662 280 
2663 280 
2664 280 
2665 280 
2666 280 
2667 280 
2668 280 
2669 280 
2670 280 
2671 280 
2672 280 
2673 280 64 
2674 280 
2675 280 
2676 280 1669 
2677 280 
2678 280 276 277 
2679 280 
2680 280 
2681 280 
2682 280 
2683 280 2682 
2684 280 2482 
2685 280 
2686 280 
2687 280 
2688 280 
2689 280 
2690 280 
2691 280 
2692 280 
2693 280 
2694 280 
2695 280 
2696 280 
2697 280 
2698 280 
2699 280 
2700 280 2699 
2701 280 
2702 280 
2703 280 
2704 280 
2705 280 196 25 
2706 280 
2707 280 2706 
2708 280 
2709 280 64 
2710 280 169 41 
2711 280 
2712 280 73 
2713 280 
2714 280 
2715 280 
2716 280 
2717 280 56 1669 
2718 280 
2719 280 
2720 280 
2721 280 
2722 280 235 
2723 280 
2724 280 
2725 280 
2726 280 
2727 280 
2728 280 
2729 280 
2730 280 
2731 280 
2732 280 
2733 280 
2734 280 
2735 280 
2736 280 
2737 280 62 
2738 280 
2739 280 
2740 280 
2741 280 
2742 280 
2743 280 
2744 280 
2745 280 
2746 280 
2747 280 
2748 280 
2749 280 
2750 280 41 
2751 280 
2752 280 
2753 280 
2754 280 
2755 280 
2756 280 
2757 280 2757 
2758 280 2757 
2759 280 
2760 280 
2761 280 
2762 280 
2763 280 
2764 280 
2765 280 
2766 280 
2767 280 
2768 280 
2769 280 
2770 280 
2771 280 
2772 280 
2773 280 
2774 280 
2775 280 
2776 280 
2777 280 
2778 280 
2779 280 
2780 280 
2781 280 
2782 280 
2783 280 
2784 280 
2785 280 
2786 280 
2787 280 7 
2788 280 
2789 280 
2790 280 
2791 280 
2792 280 
2793 280 
2794 280 
2795 280 
2796 280 
2797 280 
2798 280 
2799 280 256 257 
2800 280 
2801 280 2800 
2802 280 2800 
2803 280 2803 
2804 280 2803 
2805 280 2803 
2806 280 2803 
2807 280 2803 
2808 280 2803 
2809 280 2803 2672 
2810 280 2800 
2811 280 2800 
2812 280 2812 
2813 280 
2814 280 15 
2815 280 2121 
2816 280 
2817 280 
2818 280 
2819 280 
2820 280 
2821 280 
2822 280 169 129 710 
2823 280 
2824 280 
2825 280 
2826 280 
2827 280 
2828 280 
2829 280 
2830 280 
2831 280 
2832 280 
2833 280 
2834 280 
2835 280 
2836 280 
2837 280 
2838 280 47 
2839 280 
2840 280 
2841 280 
2842 280 
2843 280 
2844 280 
2845 280 
2846 280 
2847 280 
2848 280 
2849 280 
2850 280 153 
2851 280 1113 
2852 280 
2853 280 
2854 280 
2855 280 
2856 280 
2857 280 
2858 280 
2859 280 164 
2860 280 
2861 280 
2862 280 196 
2863 280 
2864 280 
2865 280 177 
2866 280 
2867 280 
2868 280 
2869 280 25 
2870 280 
2871 280 
2872 280 
2873 280 
2874 280 62 
2875 280 
2876 280 
2877 280 
2878 280 
2879 280 936 67 1383 
2880 280 
2881 280 
2882 280 2882 
2883 280 1975 
2884 280 
2885 280 74 2884 
2886 280 
2887 280 
2888 280 
2889 280 
2890 280 
2891 280 164 
2892 280 167 
2893 280 
2894 280 
2895 280 
2896 280 
2897 280 
2898 280 
2899 280 
2900 280 
2901 280 
2902 280 
2903 280 
2904 280 
2905 280 
2906 280 
2907 280 
2908 280 
2909 280 
2910 280 
2911 280 
2912 280 
2913 280 
2914 280 
2915 280 
2916 280 
2917 280 
2918 280 
2919 280 
2920 280 
2921 280 
2922 280 
2923 280 
2924 280 
2925 280 
2926 280 2925 
2927 280 
2928 280 
2929 280 
2930 280 
2931 280 198 
2932 280 
2933 280 
2934 280 
2935 280 
2936 280 
2937 280 
2938 280 
2939 280 
2940 280 
2941 280 
2942 280 
2943 280 
2944 280 
2945 280 
2946 280 
2947 280 
2948 280 
2949 280 
2950 280 
2951 280 
2952 280 67 
2953 280 
2954 280 104 
2955 280 
2956 280 
2957 280 
2958 280 56 
2959 280 
2960 280 2960 
2961 280 15 2960 
2962 280 
2963 280 
2964 280 
2965 280 
2966 280 112 
2967 280 211 
2968 280 
2969 280 
2970 280 
2971 280 
2972 280 
2973 280 
2974 280 
2975 280 
2976 280 
2977 280 
2978 280 
2979 280 
2980 280 128 
2981 280 2762 
2982 280 
2983 280 
2984 280 
2985 280 
2986 280 
2987 280 
2988 280 2987 
2989 280 
2990 280 2175 
2991 280 
2992 280 
2993 280 
2994 280 
2995 280 
2996 280 
2997 280 
2998 280 
2999 280 
3000 280 
3001 280 
3002 280 
3003 280 
3004 280 
3005 280 
3006 280 
3007 280 
3008 280 1931 
3009 280 
3010 280 103 
3011 280 
3012 280 
3013 280 2183 
3014 280 
3015 280 
3016 280 3015 
3017 280 
3018 280 
3019 280 
3020 280 
3021 280 3020 
3022 280 62 3020 
3023 280 3020 
3024 280 98 171 899 
3025 280 
3026 280 
3027 280 
3028 280 
3029 280 
3030 280 
3031 280 
3032 280 
3033 280 2188 
3034 280 89 
3035 280 1509 
3036 280 
3037 280 
3038 280 
3039 280 
3040 280 
3041 280 879 
3042 280 168 
3043 280 
3044 280 
3045 280 
3046 280 
3047 280 
3048 280 
3049 280 
3050 280 
3051 280 3050 
3052 280 3050 
3053 280 3050 
3054 280 
3055 280 
3056 280 
3057 280 
3058 280 
3059 280 
3060 280 
3061 280 
3062 280 
3063 280 
3064 280 
3065 280 
3066 280 
3067 280 
3068 280 
3069 280 187 
3070 280 
3071 280 2784 
3072 280 
3073 280 
3074 280 454 
3075 280 104 
3076 280 
3077 280 
3078 280 
3079 280 
3080 280 1730 
3081 280 
3082 280 
3083 280 3082 
3084 280 
3085 280 
3086 280 
3087 280 
3088 280 
3089 280 
3090 280 
3091 280 155 
3092 280 155 3091 
3093 280 
3094 280 
3095 280 2482 
3096 280 
3097 280 3096 
3098 280 3098 
3099 280 3098 
3100 280 13 
3101 280 
3102 280 
3103 280 
3104 280 5 
3105 280 
3106 280 
3107 280 
3108 280 
3109 280 226 221 
3110 280 
3111 280 
3112 280 3112 
3113 280 3112 
3114 280 3112 3020 
3115 280 3112 
3116 280 
3117 280 
3118 280 
3119 280 251 
3120 280 
3121 280 
3122 280 
3123 280 3122 
3124 280 
3125 280 3125 
3126 280 132 3125 
3127 280 
3128 280 
3129 280 
3130 280 1086 
3131 280 
3132 280 
3133 280 
3134 280 
3135 280 3134 
3136 280 
3137 280 
3138 280 
3139 280 
3140 280 
3141 280 
3142 280 
3143 280 
3144 280 
3145 280 
3146 280 
3147 280 
3148 280 
3149 280 
3150 280 
3151 280 56 
3152 280 3152 
3153 280 3152 
3154 280 
3155 280 
3156 280 2221 
3157 280 
3158 280 
3159 280 
3160 280 
3161 280 73 
3162 280 216 
3163 280 
3164 280 3163 
3165 280 
3166 280 
3167 280 
3168 280 
3169 280 
3170 280 
3171 280 1573 
3172 280 
3173 280 3173 
3174 280 3173 
3175 280 3172 
3176 280 3172 
3177 280 
3178 280 
3179 280 2800 754 
3180 280 74 
3181 280 
3182 280 
3183 280 
3184 280 
3185 280 
3186 280 56 14 
3187 280 
3188 280 
3189 280 1433 
3190 280 
3191 280 18 
3192 280 
3193 280 187 
3194 280 
3195 280 
3196 280 
3197 280 
3198 280 
3199 280 1374 
3200 280 134 136 
3201 280 168 
3202 280 
3203 280 
3204 280 
3205 280 
3206 280 
3207 280 
3208 280 
3209 280 
3210 280 
3211 280 2917 
3212 280 
3213 280 679 
3214 280 3214 
3215 280 3214 
3216 280 3214 
3217 280 3214 
3218 280 3214 
3219 280 3214 
3220 280 
3221 280 2644 
3222 280 
3223 280 
3224 280 
3225 280 3224 
3226 280 3224 
3227 280 3224 
3228 280 3224 
3229 280 
3230 280 
3231 280 
3232 280 
3233 280 
3234 280 
3235 280 3234 
3236 280 3224 
3237 280 
3238 280 3237 
3239 280 
3240 280 
3241 280 
3242 280 22 
3243 280 
3244 280 
3245 280 
3246 280 
3247 280 
3248 280 
3249 280 
3250 280 3249 
3251 280 
3252 280 
3253 280 
3254 280 
3255 280 
3256 280 
3257 280 
3258 280 
3259 280 
3260 280 
3261 280 
3262 280 
3263 280 3262 
3264 280 169 
3265 280 
3266 280 
3267 280 
3268 280 
3269 280 
3270 280 
3271 280 256 3271 
3272 280 256 3271 
3273 280 
3274 280 
3275 280 
3276 280 
3277 280 
3278 280 
3279 280 
3280 280 2925 3279 
3281 280 
3282 280 
3283 280 
3284 280 
3285 280 
3286 280 
3287 280 
3288 280 
3289 280 
3290 280 
3291 280 
3292 280 
3293 280 
3294 280 226 
3295 280 
3296 280 
3297 280 
3298 280 
3299 280 
3300 280 3300 
3301 280 3300 
3302 280 3300 
3303 280 
3304 280 
3305 280 
3306 280 
3307 280 3307 
3308 280 3307 
3309 280 3307 
3310 280 
3311 280 
3312 280 
3313 280 
3314 280 254 260 
3315 280 
3316 280 
3317 280 
3318 280 1671 
3319 280 3319 
3320 280 3319 
3321 280 
3322 280 
3323 280 
3324 280 
3325 280 
3326 280 
3327 280 
3328 280 
3329 280 
3330 280 
3331 280 3330 
3332 280 
3333 280 
3334 280 
3335 280 
3336 280 3335 879 
3337 280 3335 
3338 280 3335 
3339 280 3335 
3340 280 1624 3335 
3341 280 3341 
3342 280 37 
3343 280 
3344 280 
3345 280 
3346 280 
3347 280 
3348 280 
3349 280 
3350 280 91 
3351 280 
3352 280 85 
3353 280 
3354 280 
3355 280 
3356 280 
3357 280 
3358 280 3358 
3359 280 3358 
3360 280 
3361 280 
3362 280 
3363 280 
3364 280 
3365 280 2233 
3366 280 
3367 280 
3368 280 
3369 280 
3370 280 
3371 280 
3372 280 
3373 280 3262 
3374 280 1831 
3375 280 
3376 280 
3377 280 
3378 280 
3379 280 
3380 280 
3381 280 
3382 280 
3383 280 
3384 280 
3385 280 
3386 280 125 
3387 280 3358 224 
3388 280 
3389 280 1484 
3390 280 
3391 280 
3392 280 72 
3393 280 
3394 280 
3395 280 
3396 280 
3397 280 
3398 280 
3399 280 
3400 280 
3401 280 
3402 280 
3403 280 
3404 280 1542 
3405 280 
3406 280 2183 
3407 280 
3408 280 
3409 280 2033 
3410 280 
3411 280 
3412 280 1330 
3413 280 
3414 280 
3415 280 
3416 280 
3417 280 
3418 280 
3419 280 
3420 280 
3421 280 
3422 280 
3423 280 1669 
3424 280 
3425 280 
3426 280 
3427 280 
3428 280 
3429 280 
3430 280 
3431 280 142 
3432 280 276 
3433 280 
3434 280 
3435 280 113 
3436 280 
3437 280 155 156 
3438 280 
3439 280 
3440 280 
3441 280 
3442 280 
3443 280 
3444 280 
3445 280 
3446 280 
3447 280 
3448 280 
3449 280 
3450 280 903 
3451 280 
3452 280 
3453 280 
3454 280 
3455 280 
3456 280 112 
3457 280 
3458 280 
3459 280 
3460 280 
3461 280 
3462 280 
3463 280 3462 
3464 280 
3465 280 
3466 280 
3467 280 
3468 280 
3469 280 
3470 280 
3471 280 1509 
3472 280 2 2482 
3473 280 
3474 280 
3475 280 
3476 280 767 
3477 280 
3478 280 
3479 280 1509 936 
3480 280 3262 
3481 280 
3482 280 
3483 280 
3484 280 
3485 280 
3486 280 
3487 280 
3488 280 
3489 280 3488 
3490 280 
3491 280 
3492 280 56 2800 
3493 280 
3494 280 
3495 280 
3496 280 
3497 280 254 
3498 280 254 3498 
3499 280 145 
3500 280 
3501 280 3501 
3502 280 3501 
3503 280 3501 
3504 280 3501 
3505 280 3501 2033 2706 
3506 280 3501 2327 2033 
3507 280 3501 1650 
3508 280 3501 
3509 280 
3510 280 3214 
3511 280 
3512 280 
3513 280 
3514 280 2702 
3515 280 
3516 280 
3517 280 
3518 280 
3519 280 
3520 280 656 
3521 280 34 
3522 280 
3523 280 
3524 280 
3525 280 
3526 280 
3527 280 
3528 280 
3529 280 1 3528 
3530 280 
3531 280 
3532 280 41 
3533 280 
3534 280 94 3214 187 
3535 280 
3536 280 
3537 280 
3538 280 236 
3539 280 
3540 280 
3541 280 
3542 280 
3543 280 
3544 280 
3545 280 
3546 280 
3547 280 
3548 280 
3549 280 
3550 280 
3551 280 
3552 280 
3553 280 
3554 280 
3555 280 
3556 280 
3557 280 1086 
3558 280 
3559 280 
3560 280 
3561 280 181 
3562 280 
3563 280 
3564 280 
3565 280 
3566 280 
3567 280 
3568 280 
3569 280 
3570 280 
3571 280 
3572 280 
3573 280 
3574 280 
3575 280 
3576 280 3575 
3577 280 
3578 280 
3579 280 
3580 280 
3581 280 
3582 280 
3583 280 
3584 280 
3585 280 3585 
3586 280 
3587 280 
3588 280 109 1309 
3589 280 
3590 280 254 255 3590 
3591 280 
3592 280 
3593 280 
3594 280 
3595 280 3594 
3596 280 78 112 3594 
3597 280 
3598 280 
3599 280 
3600 280 
3601 280 
3602 280 
3603 280 
3604 280 
3605 280 167 
3606 280 
3607 280 132 
3608 280 
3609 280 
3610 280 
3611 280 196 
3612 280 
3613 280 
3614 280 
3615 280 216 
3616 280 
3617 280 
3618 280 
3619 280 
3620 280 
3621 280 
3622 280 
3623 280 
3624 280 
3625 280 
3626 280 3626 
3627 280 
3628 280 
3629 280 
3630 280 
3631 280 
3632 280 
3633 280 
3634 280 
3635 280 
3636 280 
3637 280 
3638 280 145 
3639 280 
3640 280 
3641 280 
3642 280 
3643 280 
3644 280 2148 
3645 280 
3646 280 
3647 280 
3648 280 
3649 280 1624 
3650 280 
3651 280 
3652 280 
3653 280 
3654 280 
3655 280 
3656 280 
3657 280 
3658 280 
3659 280 56 
3660 280 1200 
3661 280 
3662 280 205 265 698 
3663 280 3663 
3664 280 
3665 280 
3666 280 
3667 280 98 
3668 280 
3669 280 
3670 280 
3671 280 
3672 280 
3673 280 
3674 280 
3675 280 
3676 280 
3677 280 679 16 13 
3678 280 
3679 280 
3680 280 3680 
3681 280 81 
3682 280 
3683 280 2478 
3684 280 
3685 280 3684 
3686 280 3684 
3687 280 3684 
3688 280 3684 
3689 280 3684 
3690 280 95 3684 
3691 280 
3692 280 
3693 280 34 2592 
3694 280 42 
3695 280 
3696 280 
3697 280 
3698 280 
3699 280 
3700 280 
3701 280 1134 
3702 280 
3703 280 
3704 280 62 
3705 280 
3706 280 
3707 280 
3708 280 
3709 280 
3710 280 171 
3711 280 185 
3712 280 
3713 280 
3714 280 
3715 280 
3716 280 
3717 280 
3718 280 
3719 280 
3720 280 2466 
3721 280 
3722 280 
3723 280 
3724 280 
3725 280 
3726 280 
3727 280 56 
3728 280 
3729 280 
3730 280 936 
3731 280 
3732 280 
3733 280 
3734 280 
3735 280 
3736 280 3735 
3737 280 
3738 280 
3739 280 46 206 
3740 280 
3741 280 
3742 280 3358 
3743 280 
3744 280 22 
3745 280 
3746 280 
3747 280 
3748 280 232 3748 
3749 280 232 3748 
3750 280 232 3748 
3751 280 232 3748 
3752 280 
3753 280 3307 879 
3754 280 
3755 280 3563 
3756 280 
3757 280 
3758 280 3757 
3759 280 3757 
3760 280 
3761 280 
3762 280 195 
3763 280 3763 
3764 280 3763 
3765 280 3763 
3766 280 3763 
3767 280 3763 
3768 280 3763 3767 
3769 280 3763 3767 
3770 280 3763 
3771 280 3265 
3772 280 3772 
3773 280 3772 
3774 280 3772 276 277 
3775 280 3772 276 277 
3776 280 3772 1550 
3777 280 
3778 280 767 
3779 280 
3780 280 
3781 280 
3782 280 
3783 280 
3784 280 276 3784 
3785 280 1669 
3786 280 
3787 280 
3788 280 
3789 280 
3790 280 49 
3791 280 
3792 280 
3793 280 
3794 280 186 
3795 280 
3796 280 
3797 280 
3798 280 1134 
3799 280 
3800 280 1 
3801 280 
3802 280 
3803 280 
3804 280 
3805 280 
3806 280 
3807 280 
3808 280 3807 
3809 280 
3810 280 
3811 280 
3812 280 
3813 280 
3814 280 42 49 3813 
3815 280 3815 
3816 280 3815 
3817 280 3815 951 
3818 280 3815 
3819 280 3815 
3820 280 
3821 280 88 
3822 280 
3823 280 
3824 280 
3825 280 
3826 280 
3827 280 
3828 280 
3829 280 
3830 280 
3831 280 
3832 280 
3833 280 
3834 280 
3835 280 469 
3836 280 232 
3837 280 1624 
3838 280 
3839 280 
3840 280 
3841 280 
3842 280 
3843 280 275 
3844 280 
3845 280 
3846 280 
3847 280 
3848 280 62 164 63 
3849 280 1643 
3850 280 
3851 280 
3852 280 232 233 
3853 280 56 
3854 280 
3855 280 
3856 280 
3857 280 1593 
3858 280 
3859 280 
3860 280 
3861 280 
3862 280 34 
3863 280 100 
3864 280 
3865 280 
3866 280 
3867 280 198 
3868 280 
3869 280 205 241 
3870 280 
3871 280 
3872 280 2803 3871 
3873 280 
3874 280 
3875 280 
3876 280 
3877 280 
3878 280 
3879 280 
3880 280 3880 
3881 280 
3882 280 
3883 280 
3884 280 137 
3885 280 
3886 280 118 109 
3887 280 
3888 280 
3889 280 
3890 280 
3891 280 
3892 280 69 2403 
3893 280 
3894 280 
3895 280 
3896 280 94 
3897 280 94 3896 
3898 280 3898 
3899 280 
3900 280 
3901 280 
3902 280 
3903 280 
3904 280 
3905 280 
3906 280 3905 
3907 280 
3908 280 
3909 280 
3910 280 
3911 280 118 
3912 280 
3913 280 
3914 280 
3915 280 
3916 280 3915 
3917 280 
3918 280 
3919 280 82 
3920 280 
3921 280 
3922 280 56 
3923 280 
3924 280 
3925 280 3925 
3926 280 
3927 280 
3928 280 
3929 280 
3930 280 
3931 280 3930 
3932 280 1509 139 
3933 280 
3934 280 195 
3935 280 
3936 280 3020 
3937 280 3214 132 
3938 280 
3939 280 
3940 280 262 
3941 280 
3942 280 
3943 280 
3944 280 
3945 280 3152 3626 3153 
3946 280 
3947 280 3289 
3948 280 78 181 2427 
3949 280 
3950 280 
3951 280 
3952 280 
3953 280 3953 
3954 280 3953 
3955 280 1162 
3956 280 265 2183 
3957 280 
3958 280 1330 
3959 280 
3960 280 
3961 280 
3962 280 
3963 280 
3964 280 169 
3965 280 
3966 280 46 
3967 280 1669 2007 
3968 280 
3969 280 
3970 280 
3971 280 
3972 280 1947 
3973 280 
3974 280 
3975 280 
3976 280 
3977 280 
3978 280 2803 1763 
3979 280 
3980 280 
3981 280 
3982 280 3172 
3983 280 2076 
3984 280 
3985 280 1831 
3986 280 
3987 280 
3988 280 936 
3989 280 
3990 280 
3991 280 
3992 280 3289 
3993 280 
3994 280 26 
3995 280 
3996 280 
3997 280 
3998 280 2341 
3999 280 
4000 280 
4001 280 79 
4002 280 
4003 280 
4004 280 
4005 280 33 4004 
4006 280 
4007 280 
4008 280 
4009 280 1134 
4010 280 32 
4011 280 
4012 280 2592 
4013 280 
4014 280 
4015 280 
4016 280 4015 
4017 280 4015 
4018 280 4015 
4019 280 4015 
4020 280 4015 
4021 280 4015 
4022 280 4015 
4023 280 4015 
4024 280 4015 
4025 280 4015 
4026 280 
4027 280 
4028 280 
4029 280 
4030 280 
4031 280 
4032 280 
4033 280 
4034 280 
4035 280 
4036 280 
4037 280 
4038 280 135 
4039 280 
4040 280 56 
4041 280 
4042 280 
4043 280 
4044 280 4044 
4045 280 
4046 280 
4047 280 
4048 280 
4049 280 
4050 280 
4051 280 
4052 280 2482 
4053 280 
4054 280 
4055 280 4054 
4056 280 2180 4054 
4057 280 92 
4058 280 
4059 280 
4060 280 
4061 280 132 
4062 280 605 
4063 280 
4064 280 
4065 280 
4066 280 
4067 280 254 
4068 280 254 4067 
4069 280 
4070 280 3815 
4071 280 
4072 280 
4073 280 
4074 280 
4075 280 
4076 280 458 
4077 280 
4078 280 79 
4079 280 
4080 280 
4081 280 
4082 280 
4083 280 
4084 280 
4085 280 
4086 280 
4087 280 
4088 280 135 174 
4089 280 
4090 280 
4091 280 114 4090 
4092 280 3501 1283 
4093 280 
4094 280 
4095 280 
4096 280 
4097 280 
4098 280 
4099 280 
4100 280 
4101 280 
4102 280 42 4101 
4103 280 
4104 280 
4105 280 3358 195 
4106 280 
4107 280 
4108 280 
4109 280 1168 
4110 280 
4111 280 
4112 280 
4113 280 
4114 280 74 3180 
4115 280 
4116 280 
4117 280 679 
4118 280 249 
4119 280 
4120 280 3358 
4121 280 25 
4122 280 
4123 280 4123 
4124 280 4123 
4125 280 
4126 280 1358 3905 3335 
4127 280 
4128 280 
4129 280 
4130 280 
4131 280 196 145 
4132 280 
4133 280 
4134 280 
4135 280 
4136 280 
4137 280 
4138 280 
4139 280 
4140 280 936 
4141 280 
4142 280 
4143 280 
4144 280 
4145 280 
4146 280 
4147 280 633 
4148 280 
4149 280 
4150 280 4150 
4151 280 4150 
4152 280 4150 
4153 280 158 
4154 280 82 219 
4155 280 
4156 280 254 3498 
4157 280 
4158 280 
4159 280 
4160 280 
4161 280 
4162 280 4162 
4163 280 4162 2482 
4164 280 4161 
4165 280 4165 
4166 280 4165 
4167 280 4165 
4168 280 4165 
4169 280 4165 
4170 280 4165 
4171 280 4165 252 
4172 280 4165 
4173 280 73 
4174 280 276 277 
4175 280 3925 
4176 280 
4177 280 146 
4178 280 
4179 280 
4180 280 
4181 280 
4182 280 
4183 280 
4184 280 
4185 280 
4186 280 
4187 280 
4188 280 4188 
4189 280 4188 
4190 280 
4191 280 
4192 280 24 
4193 280 56 
4194 280 
4195 280 
4196 280 
4197 280 
4198 280 
4199 280 4198 
4200 280 
4201 280 4200 
4202 280 3772 1086 3905 4200 
4203 280 
4204 280 
4205 280 
4206 280 
4207 280 0 
4208 280 
4209 280 
4210 280 4209 
4211 280 3851 
4212 280 1726 
4213 280 91 
4214 280 
4215 280 
4216 280 
4217 280 
4218 280 
4219 280 118 
4220 280 
4221 280 
4222 280 
4223 280 
4224 280 3358 
4225 280 
4226 280 
4227 280 2706 3986 
4228 280 
4229 280 
4230 280 
4231 280 
4232 280 134 
4233 280 
4234 280 
4235 280 
4236 280 114 
4237 280 
4238 280 
4239 280 
4240 280 
4241 280 
4242 280 
4243 280 
4244 280 
4245 280 
4246 280 78 
4247 280 
4248 280 
4249 280 185 
4250 280 
4251 280 
4252 280 922 
4253 280 924 
4254 280 
4255 280 50 644 
4256 280 
4257 280 
4258 280 
4259 280 
4260 280 
4261 280 16 
4262 280 42 
4263 280 
4264 280 
4265 280 
4266 280 4265 
4267 280 
4268 280 
4269 280 
4270 280 
4271 280 
4272 280 1086 1975 
4273 280 252 91 
4274 280 
4275 280 
4276 280 3501 
4277 280 
4278 280 
4279 280 196 
4280 280 228 
4281 280 
4282 280 
4283 280 
4284 280 1358 
4285 280 
4286 280 
4287 280 114 
4288 280 
4289 280 1938 
4290 280 4161 
4291 280 
4292 280 
4293 280 
4294 280 
4295 280 
4296 280 
4297 280 4296 
4298 280 
4299 280 
4300 280 118 
4301 280 
4302 280 112 
4303 280 
4304 280 
4305 280 4305 
4306 280 
4307 280 
4308 280 3300 
4309 280 
4310 280 2033 
4311 280 
4312 280 
4313 280 4312 
4314 280 
4315 280 
4316 280 
4317 280 
4318 280 232 
4319 280 3885 
4320 280 3262 103 2979 
4321 280 4321 
4322 280 72 
4323 280 
4324 280 
4325 280 
4326 280 
4327 280 276 3784 
4328 280 
4329 280 
4330 280 
4331 280 
4332 280 
4333 280 
4334 280 
4335 280 155 129 156 
4336 280 
4337 280 172 
4338 280 
4339 280 
4340 280 1371 79 1677 
4341 280 
4342 280 1897 
4343 280 
4344 280 
4345 280 
4346 280 4346 
4347 280 
4348 280 
4349 280 
4350 280 32 
4351 280 32 4350 
4352 280 232 233 
4353 280 
4354 280 
4355 280 4150 
4356 280 
4357 280 
4358 280 
4359 280 4161 
4360 280 
4361 280 
4362 280 
4363 280 246 
4364 280 
4365 280 
4366 280 
4367 280 142 4366 
4368 280 4366 
4369 280 4366 
4370 280 4370 
4371 280 256 3271 4370 1440 
4372 280 4366 221 
4373 280 
4374 280 
4375 280 
4376 280 4375 
4377 280 
4378 280 
4379 280 135 181 
4380 280 
4381 280 
4382 280 276 92 
4383 280 167 
4384 280 108 
4385 280 2803 55 
4386 280 
4387 280 
4388 280 5 
4389 280 
4390 280 
4391 280 92 
4392 280 279 
4393 280 
4394 280 
4395 280 4394 
4396 280 
4397 280 
4398 280 4398 
4399 280 4398 
4400 280 
4401 280 
4402 280 
4403 280 
4404 280 
4405 280 1669 
4406 280 
4407 280 205 
4408 280 135 
4409 280 
4410 280 
4411 280 
4412 280 
4413 280 
4414 280 
4415 280 
4416 280 
4417 280 
4418 280 
4419 280 
4420 280 
4421 280 
4422 280 
4423 280 207 
4424 280 80 
4425 280 4425 
4426 280 4425 
4427 280 4425 
4428 280 4425 
4429 280 4425 
4430 280 4425 
4431 280 4431 
4432 280 
4433 280 216 266 
4434 280 
4435 280 
4436 280 
4437 280 155 156 235 
4438 280 
4439 280 
4440 280 
4441 280 
4442 280 
4443 280 
4444 280 3262 
4445 280 
4446 280 
4447 280 
4448 280 
4449 280 4448 
4450 280 881 4161 
4451 280 
4452 280 
4453 280 
4454 280 
4455 280 3905 
4456 280 
4457 280 
4458 280 
4459 280 
4460 280 
4461 280 
4462 280 
4463 280 1074 
4464 280 139 
4465 280 
4466 280 4466 
4467 280 4466 
4468 280 4466 
4469 280 4466 
4470 280 4466 2592 
4471 280 4466 
4472 280 
4473 280 
4474 280 4473 
4475 280 4473 
4476 280 47 4473 
4477 280 
4478 280 
4479 280 
4480 280 166 
4481 280 
4482 280 
4483 280 
4484 280 
4485 280 4485 
4486 280 4485 
4487 280 4485 
4488 280 131 
4489 280 4150 131 
4490 280 
4491 280 
4492 280 
4493 280 
4494 280 
4495 280 5 
4496 280 1086 73 
4497 280 
4498 280 
4499 280 
4500 280 
4501 280 
4502 280 
4503 280 
4504 280 
4505 280 
4506 280 
4507 280 2129 
4508 280 226 
4509 280 957 
4510 280 
4511 280 
4512 280 
4513 280 89 
4514 280 
4515 280 
4516 280 1509 4515 
4517 280 3905 4515 
4518 280 4515 
4519 280 34 72 2245 
4520 280 2183 4520 
4521 280 
4522 280 
4523 280 254 145 4522 
4524 280 4522 
4525 280 4522 
4526 280 
4527 280 
4528 280 
4529 280 
4530 280 
4531 280 
4532 280 
4533 280 2800 
4534 280 
4535 280 34 4535 
4536 280 34 4535 78 
4537 280 
4538 280 4538 
4539 280 
4540 280 254 
4541 280 
4542 280 
4543 280 
4544 280 3501 
4545 280 3501 4544 
4546 280 3501 4544 
4547 280 3501 4544 
4548 280 3501 4544 
4549 280 3501 1358 4544 
4550 280 3501 4544 
4551 280 
4552 280 3501 4544 1471 
4553 280 
4554 280 
4555 280 3020 13 
4556 280 679 98 3440 
4557 280 3684 
4558 280 3905 181 2433 
4559 280 
4560 280 
4561 280 
4562 280 
4563 280 4562 
4564 280 
4565 280 4564 
4566 280 
4567 280 95 
4568 280 
4569 280 
4570 280 
4571 280 4570 
4572 280 
4573 280 243 
4574 280 
4575 280 
4576 280 3815 4070 
4577 280 
4578 280 
4579 280 
4580 280 
4581 280 16 
4582 280 
4583 280 3772 241 
4584 280 
4585 280 
4586 280 
4587 280 
4588 280 
4589 280 
4590 280 
4591 280 
4592 280 46 85 
4593 280 
4594 280 11 27 
4595 280 3905 2620 
4596 280 
4597 280 
4598 280 254 
4599 280 2471 
4600 280 
4601 280 3050 
4602 280 
4603 280 
4604 280 
4605 280 
4606 280 
4607 280 
4608 280 
4609 280 4609 
4610 280 4609 
4611 280 4609 
4612 280 4609 
4613 280 4609 2033 
4614 280 4609 
4615 280 4609 
4616 280 4609 
4617 280 
4618 280 
4619 280 
4620 280 
4621 280 167 
4622 280 
4623 280 
4624 280 
4625 280 
4626 280 
4627 280 4626 
4628 280 2327 4626 
4629 280 
4630 280 
4631 280 
4632 280 
4633 280 
4634 280 
4635 280 
4636 280 
4637 280 
4638 280 3594 
4639 280 
4640 280 186 
4641 280 2 4425 22 
4642 280 
4643 280 169 1107 
4644 280 
4645 280 
4646 280 276 
4647 280 103 
4648 280 
4649 280 3279 
4650 280 3905 
4651 280 
4652 280 
4653 280 
4654 280 3358 
4655 280 56 
4656 280 
4657 280 
4658 280 4657 
4659 280 78 33 
4660 280 4645 
4661 280 
4662 280 
4663 280 
4664 280 
4665 280 
4666 280 221 
4667 280 
4668 280 
4669 280 56 
4670 280 
4671 280 
4672 280 
4673 280 
4674 280 1 2180 4570 
4675 280 
4676 280 32 922 1358 
4677 280 
4678 280 254 
4679 280 
4680 280 4679 
4681 280 2053 2592 4679 4681 
4682 280 4679 
4683 280 142 202 4515 4679 
4684 280 4684 
4685 280 4684 
4686 280 15 3172 216 150 
4687 280 15 243 
4688 280 
4689 280 4688 
4690 280 4466 4688 
4691 280 
4692 280 1509 
4693 280 
4694 280 149 
4695 280 4695 
4696 280 3815 4695 
4697 280 172 
4698 280 172 4698 
4699 280 172 4698 
4700 280 3279 
4701 280 
4702 280 
4703 280 
4704 280 
4705 280 
4706 280 224 
4707 280 
4708 280 
4709 280 
4710 280 15 4710 
4711 280 15 4710 
4712 280 
4713 280 
4714 280 
4715 280 4715 
4716 280 4715 
4717 280 4715 
4718 280 4715 
4719 280 4715 
4720 280 4715 
4721 280 4715 
4722 280 4715 
4723 280 4715 
4724 280 4715 
4725 280 4715 
4726 280 4366 113 
4727 280 181 
4728 280 4728 
4729 280 
4730 280 15 
4731 280 3262 
4732 280 
4733 280 
4734 280 
4735 280 
4736 280 
4737 280 
4738 280 
4739 280 
4740 280 
4741 280 
4742 280 
4743 280 
4744 280 
4745 280 
4746 280 212 
4747 280 
4748 280 
4749 280 
4750 280 
4751 280 3214 56 91 
4752 280 4165 149 
4753 280 
4754 280 155 32 
4755 280 
4756 280 
4757 280 47 3542 
4758 280 
4759 280 3815 171 3870 
4760 280 1375 4626 
4761 280 4150 2880 
4762 280 458 
4763 280 
4764 280 228 
4765 280 
4766 280 131 
4767 280 
4768 280 
4769 280 
4770 280 134 198 
4771 280 2327 
4772 280 
4773 280 
4774 280 
4775 280 11 
4776 280 91 140 
4777 280 
4778 280 4777 
4779 280 
4780 280 
4781 280 4781 
4782 280 4781 
4783 280 4781 4782 
4784 280 4781 
4785 280 4781 
4786 280 4781 
4787 280 4781 
4788 280 4781 
4789 280 4781 
4790 280 3112 4781 
4791 280 4781 125 
4792 280 
4793 280 56 
4794 280 109 
4795 280 
4796 280 3501 4544 
4797 280 3501 1358 4544 
4798 280 
4799 280 
4800 280 178 158 
4801 280 
4802 280 
4803 280 44 
4804 280 
4805 280 
4806 280 
4807 280 3763 72 100 2221 
4808 280 1624 236 
4809 280 3787 
4810 280 171 
4811 280 46 3085 
4812 280 
4813 280 153 
4814 280 113 
4815 280 
4816 280 
4817 280 
4818 280 
4819 280 
4820 280 
4821 280 
4822 280 1975 
4823 280 
4824 280 198 
4825 280 15 226 
4826 280 
4827 280 
4828 280 
4829 280 
4830 280 211 
4831 280 
4832 280 1358 
4833 280 835 
4834 280 
4835 280 
4836 280 254 255 
4837 280 
4838 280 26 
4839 280 2307 
4840 280 155 
4841 280 
4842 280 
4843 280 
4844 280 132 
4845 280 
4846 280 
4847 280 153 
4848 280 
4849 280 
4850 280 2188 
4851 280 
4852 280 
4853 280 
4854 280 
4855 280 
4856 280 
4857 280 
4858 280 767 
4859 280 206 
4860 280 2346 
4861 280 4295 
4862 280 3680 41 104 767 
4863 280 
4864 280 
4865 280 
4866 280 
4867 280 
4868 280 1669 
4869 280 922 
4870 280 
4871 280 
4872 280 89 
4873 280 198 
4874 280 
4875 280 1298 
4876 280 
4877 280 
4878 280 
4879 280 
4880 280 3815 
4881 280 4366 
4882 280 
4883 280 
4884 280 
4885 280 
4886 280 
4887 280 254 260 
4888 280 
4889 280 142 
4890 280 3341 1913 
4891 280 
4892 280 
4893 280 
4894 280 
4895 280 
4896 280 4895 
4897 280 4895 
4898 280 4898 
4899 280 4898 
4900 280 4895 168 
4901 280 32 56 4895 235 2714 3731 
4902 280 
4903 280 4150 
4904 280 
4905 280 
4906 280 195 825 
4907 280 4907 
4908 280 4907 
4909 280 4907 
4910 280 4907 
4911 280 4907 
4912 280 4907 
4913 280 4907 
4914 280 4907 
4915 280 4907 
4916 280 4907 
4917 280 4907 
4918 280 
4919 280 256 4919 
4920 280 
4921 280 3763 
4922 280 
4923 280 
4924 280 
4925 280 679 
4926 280 
4927 280 4926 
4928 280 52 
4929 280 
4930 280 
4931 280 1509 195 17 2289 
4932 280 
4933 280 269 
4934 280 49 
4935 280 149 
4936 280 3880 104 3733 
4937 280 
4938 280 2706 
4939 280 
4940 280 4940 
4941 280 4940 
4942 280 
4943 280 
4944 280 3172 
4945 280 
4946 280 
4947 280 
4948 280 103 
4949 280 212 
4950 280 
4951 280 2979 
4952 280 
4953 280 
4954 280 1530 
4955 280 
4956 280 
4957 280 
4958 280 134 
4959 280 1938 
4960 280 
4961 280 4688 2706 
4962 280 
4963 280 
4964 280 
4965 280 4964 
4966 280 
4967 280 4728 
4968 280 
4969 280 
4970 280 
4971 280 
4972 280 3289 174 3408 
4973 280 4538 
4974 280 
4975 280 4688 
4976 280 
4977 280 187 
4978 280 
4979 280 228 150 
4980 280 
4981 280 
4982 280 205 
4983 280 
4984 280 
4985 280 
4986 280 4985 
4987 280 4466 4895 4985 
4988 280 
4989 280 
4990 280 
4991 280 
4992 280 
4993 280 1561 
4994 280 
4995 280 
4996 280 
4997 280 
4998 280 
4999 280 3207 
5000 280 181 
5001 280 
5002 280 
5003 280 3358 4895 
5004 280 
5005 280 
5006 280 
5007 280 879 
5008 280 
5009 280 251 
5010 280 
5011 280 3172 
5012 280 
5013 280 3172 
5014 280 14 
5015 280 
5016 280 27 
5017 280 254 104 260 
5018 280 
5019 280 4515 
5020 280 118 
5021 280 
5022 280 153 4688 2850 
5023 280 168 
5024 280 
5025 280 224 
5026 280 4688 
5027 280 
5028 280 1624 116 
5029 280 64 79 
5030 280 246 
5031 280 
5032 280 
5033 280 
5034 280 
5035 280 
5036 280 56 1624 
5037 280 
5038 280 
5039 280 
5040 280 
5041 280 
5042 280 266 
5043 280 134 579 
5044 280 5044 
5045 280 5044 
5046 280 
5047 280 232 
5048 280 
5049 280 
5050 280 879 
5051 280 
5052 280 5051 
5053 280 95 5051 
5054 280 
5055 280 5055 
5056 280 236 
5057 280 5051 
5058 280 
5059 280 927 
5060 280 
5061 280 
5062 280 
5063 280 5062 
5064 280 155 3112 4161 156 
5065 280 
5066 280 
5067 280 4150 251 
5068 280 266 
5069 280 
5070 280 4161 
5071 280 
5072 280 
5073 280 
5074 280 
5075 280 276 277 
5076 280 
5077 280 164 1086 2619 
5078 280 1509 
5079 280 3049 
5080 280 
5081 280 3112 
5082 280 
5083 280 37 
5084 280 89 
5085 280 103 
5086 280 
5087 280 
5088 280 
5089 280 
5090 280 
5091 280 
5092 280 
5093 280 202 1851 
5094 280 
5095 280 1907 
5096 280 
5097 280 5097 
5098 280 5097 
5099 280 3772 276 28 5097 277 
5100 280 178 
5101 280 
5102 280 
5103 280 5102 
5104 280 
5105 280 
5106 280 5105 
5107 280 
5108 280 4679 2554 
5109 280 
5110 280 
5111 280 2714 
5112 280 195 
5113 280 3905 1624 3335 1677 
5114 280 1559 205 11 
5115 280 
5116 280 
5117 280 5117 
5118 280 5117 
5119 280 4054 
5120 280 134 
5121 280 
5122 280 879 3289 
5123 280 37 
5124 280 56 265 
5125 280 
5126 280 3898 
5127 280 132 131 85 
5128 280 
5129 280 
5130 280 5129 
5131 280 
5132 280 
5133 280 1975 
5134 280 
5135 280 
5136 280 131 116 
5137 280 
5138 280 129 
5139 280 
5140 280 5140 
5141 280 5140 
5142 280 
5143 280 205 
5144 280 
5145 280 2925 
5146 280 
5147 280 
5148 280 251 
5149 280 131 166 
5150 280 166 
5151 280 251 
5152 280 
5153 280 
5154 280 
5155 280 
5156 280 3825 
5157 280 15 3807 
5158 280 187 
5159 280 3358 647 
5160 280 1301 
5161 280 
5162 280 
5163 280 
5164 280 936 
5165 280 
5166 280 
5167 280 5051 
5168 280 
5169 280 
5170 280 4688 
5171 280 164 46 4895 2925 
5172 280 56 
5173 280 
5174 280 56 2188 136 4265 
5175 280 
5176 280 3464 
5177 280 
5178 280 
5179 280 
5180 280 620 
5181 280 
5182 280 3772 
5183 280 3772 5182 
5184 280 3772 5182 
5185 280 3772 5182 
5186 280 3772 5182 
5187 280 
5188 280 
5189 280 232 
5190 280 78 82 3224 
5191 280 
5192 280 256 56 86 128 1775 
5193 280 5193 
5194 280 5193 
5195 280 
5196 280 
5197 280 
5198 280 164 4940 202 5198 
5199 280 28 129 
5200 280 
5201 280 3772 5182 
5202 280 
5203 280 2033 
5204 280 
5205 280 
5206 280 
5207 280 46 198 5051 5010 
5208 280 
5209 280 2783 
5210 280 3112 236 
5211 280 256 3772 276 92 277 257 
5212 280 5212 
5213 280 134 5212 4522 
5214 280 5212 5140 
5215 280 5212 
5216 280 5212 
5217 280 56 72 
5218 280 4431 
5219 280 
5220 280 3112 
5221 280 185 5221 
5222 280 
5223 280 24 3889 
5224 280 64 
5225 280 
5226 280 221 
5227 280 3262 1365 
5228 280 
5229 280 73 
5230 280 
5231 280 1624 3335 85 
5232 280 
5233 280 3112 3522 
5234 280 211 2188 
5235 280 
5236 280 177 
5237 280 
5238 280 5237 
5239 280 4688 5237 
5240 280 249 
5241 280 249 5241 
5242 280 249 5241 78 0 
5243 280 
5244 280 
5245 280 
5246 280 4425 5245 
5247 280 
5248 280 5248 
5249 280 5248 3684 
5250 280 
5251 280 
5252 280 4964 
5253 280 67 
5254 280 
5255 280 
5256 280 
5257 280 
5258 280 
5259 280 
5260 280 155 
5261 280 924 
5262 280 
5263 280 3905 
5264 280 211 
5265 280 
5266 280 266 
5267 280 
5268 280 4165 2914 
5269 280 
5270 280 111 
5271 280 
5272 280 3112 185 
5273 280 
5274 280 
5275 280 4609 5274 
5276 280 5274 
5277 280 5274 
5278 280 3763 95 1593 
5279 280 5117 
5280 280 
5281 280 3279 
5282 280 
5283 280 5283 
5284 280 5283 95 4054 
5285 280 134 
5286 280 125 
5287 280 182 
5288 280 254 3585 
5289 280 2053 252 113 2179 
5290 280 
5291 280 5290 
5292 280 
5293 280 
5294 280 
5295 280 104 
5296 280 5296 
5297 280 5296 2188 
5298 280 
5299 280 
5300 280 
5301 280 
5302 280 
5303 280 
5304 280 56 
5305 280 4150 3763 5212 
5306 280 
5307 280 5274 
5308 280 
5309 280 113 
5310 280 
5311 280 
5312 280 
5313 280 
5314 280 
5315 280 
5316 280 5315 
5317 280 89 
5318 280 4366 265 
5319 280 
5320 280 
5321 280 
5322 280 
5323 280 679 
5324 280 41 
5325 280 
5326 280 232 
5327 280 
5328 280 
5329 280 4466 211 
5330 280 
5331 280 32 
5332 280 246 
5333 280 3020 241 
5334 280 265 
5335 280 
5336 280 95 5051 5335 
5337 280 879 
5338 280 5338 
5339 280 5338 
5340 280 5338 
5341 280 5338 
5342 280 5338 
5343 280 5338 
5344 280 5338 
5345 280 5338 
5346 280 5338 
5347 280 5338 
5348 280 5338 
5349 280 
5350 280 
5351 280 218 3731 
5352 280 
5353 280 
5354 280 3358 
5355 280 
5356 280 226 
5357 280 4688 
5358 280 
5359 280 
5360 280 91 
5361 280 56 
5362 280 5362 
5363 280 5362 
5364 280 
5365 280 103 7 
5366 280 
5367 280 2803 89 171 1874 
5368 280 3335 2188 
5369 280 256 4919 98 49 
5370 280 275 
5371 280 4044 
5372 280 
5373 280 7 5142 
5374 280 276 1358 211 1365 
5375 280 216 
5376 280 
5377 280 
5378 280 18 
5379 280 178 
5380 280 
5381 280 
5382 280 1086 5381 
5383 280 149 
5384 280 922 
5385 280 1650 
5386 280 4688 
5387 280 167 1710 
5388 280 
5389 280 
5390 280 166 
5391 280 
5392 280 5392 
5393 280 5392 5055 
5394 280 5392 
5395 280 1330 1055 
5396 280 185 
5397 280 
5398 280 3663 109 
5399 280 
5400 280 5097 
5401 280 218 
5402 280 
5403 280 155 156 
5404 280 3020 
5405 280 
5406 280 
5407 280 
5408 280 
5409 280 5409 
5410 280 5409 
5411 280 
5412 280 
5413 280 41 
5414 280 2762 594 
5415 280 3815 
5416 280 
5417 280 
5418 280 2053 
5419 280 
5420 280 
5421 280 
5422 280 
5423 280 142 
5424 280 
5425 280 78 
5426 280 
5427 280 80 
5428 280 
5429 280 
5430 280 241 
5431 280 
5432 280 221 
5433 280 98 202 
5434 280 
5435 280 
5436 280 
5437 280 4054 
5438 280 129 
5439 280 116 
5440 280 
5441 280 
5442 280 1086 
5443 280 142 17 
5444 280 4366 79 3167 
5445 280 212 
5446 280 3539 
5447 280 262 
5448 280 
5449 280 
5450 280 
5451 280 
5452 280 198 
5453 280 
5454 280 1365 
5455 280 41 200 
5456 280 15 4710 4711 
5457 280 94 80 
5458 280 
5459 280 
5460 280 33 
5461 280 158 
5462 280 4048 
5463 280 1798 679 269 
5464 280 
5465 280 1040 
5466 280 228 5051 1275 
5467 280 18 187 
5468 280 
5469 280 169 
5470 280 679 
5471 280 
5472 280 
5473 280 
5474 280 5473 2210 
5475 280 5473 
5476 280 5473 
5477 280 5473 
5478 280 5473 
5479 280 34 477 5473 114 1022 
5480 280 4695 5473 
5481 280 5473 
5482 280 5473 1212 
5483 280 4466 922 5473 
5484 280 95 
5485 280 5485 
5486 280 3289 
5487 280 
5488 280 211 16 
5489 280 5489 
5490 280 5489 
5491 280 5489 
5492 280 5489 
5493 280 265 
5494 280 
5495 280 5494 
5496 280 224 
5497 280 
5498 280 
5499 280 
5500 280 1579 
5501 280 4609 4612 
5502 280 98 919 
5503 280 146 
5504 280 5504 
5505 280 5504 
5506 280 5504 
5507 280 5504 1403 
5508 280 5504 
5509 280 5504 
5510 280 5504 42 92 
5511 280 5504 132 131 
5512 280 
5513 280 
5514 280 5513 
5515 280 3300 80 5310 
5516 280 
5517 280 
5518 280 2053 212 
5519 280 91 
5520 280 3214 2221 1487 
5521 280 
5522 280 
5523 280 
5524 280 
5525 280 155 1783 
5526 280 
5527 280 679 2925 
5528 280 135 1500 
5529 280 3501 4544 211 3266 
5530 280 
5531 280 235 
5532 280 679 
5533 280 134 205 
5534 280 
5535 280 3815 69 
5536 280 66 
5537 280 
5538 280 
5539 280 4150 2800 5274 
5540 280 276 185 
5541 280 
5542 280 
5543 280 3641 
5544 280 
5545 280 46 
5546 280 
5547 280 3772 89 5182 
5548 280 5548 
5549 280 5548 
5550 280 5548 5549 
5551 280 5548 5549 
5552 280 5548 5549 
5553 280 5548 1086 5549 1174 
5554 280 5548 5549 
5555 280 5548 5549 
5556 280 5548 5549 0 924 
5557 280 5548 4465 
5558 280 5548 
5559 280 
5560 280 
5561 280 5504 
5562 280 275 
5563 280 
5564 280 
5565 280 
5566 280 
5567 280 
5568 280 5568 
5569 280 5568 226 
5570 280 5567 
5571 280 5567 
5572 280 1509 3020 5567 
5573 280 3763 5567 
5574 280 5567 
5575 280 5567 
5576 280 5567 0 
5577 280 205 5567 
5578 280 5567 241 
5579 280 
5580 280 4609 
5581 280 
5582 280 3048 
5583 280 
5584 280 5583 3408 
5585 280 5583 1037 
5586 280 5583 
5587 280 5583 
5588 280 5583 
5589 280 5589 
5590 280 5589 5590 
5591 280 5589 5590 
5592 280 5589 2812 3020 4161 
5593 280 5589 46 86 4522 
5594 280 5589 4161 
5595 280 5583 5595 
5596 280 5583 2221 
5597 280 56 5583 
5598 280 5583 
5599 280 265 
5600 280 262 
5601 280 136 
5602 280 
5603 280 
5604 280 
5605 280 136 
5606 280 207 
5607 280 
5608 280 
5609 280 
5610 280 
5611 280 
5612 280 
