0 
1 
2 
3 
4 
5 
6 
7 
8 
9 
10 
11 
12 
13 
14 
15 
16 
17 
18 
19 
20 
21 
22 
23 
24 
25 
26 
27 
28 
29 
30 
31 
32 
33 
34 
35 
36 
37 
38 
39 
40 
41 
42 
43 
44 
45 
46 
47 
48 
49 
50 
51 
52 
53 
54 
55 
56 
57 
58 
59 
60 
61 
62 
63 
64 
65 
66 
67 66 
68 
69 
70 
71 
72 
73 
74 
75 
76 
77 77 
78 
79 
80 
81 
82 
83 
84 
85 
86 
87 
88 
89 
90 
91 
92 
93 
94 
95 
96 
97 
98 
99 
100 
101 
102 
103 
104 
105 
106 
107 
108 107 
109 
110 
111 
112 
113 
114 
115 
116 
117 
118 
119 
120 
121 
122 
123 
124 123 
125 
126 
127 
128 
129 
130 
131 130 
132 
133 
134 
135 
136 
137 
138 
139 
140 
141 
142 
143 
144 
145 
146 
147 
148 
149 
150 
151 
152 
153 
154 
155 
156 
157 
158 
159 
160 
161 
162 
163 
164 
165 
166 
167 
168 
169 
170 
171 
172 
173 
174 
175 
176 
177 
178 
179 
180 
181 
182 
183 
184 
185 
186 
187 
188 
189 
190 
191 
192 
193 
194 
195 
196 
197 
198 
199 
200 
201 
202 
203 
204 
205 
206 
207 
208 
209 
210 
211 
212 
213 
214 
215 
216 
217 
218 
219 
220 
221 
222 
223 
224 
225 
226 
227 
228 
229 
230 
231 
232 
233 
234 
235 
236 
237 
238 
239 
240 
241 
242 
243 
244 
245 
246 
247 
248 
249 
250 
251 
252 
253 
254 
255 
256 
257 
258 
259 
260 
261 
262 
263 
264 
265 
266 
267 
268 
269 
270 
271 
272 
273 
274 
275 
276 
277 
278 
279 
280 
281 
282 
283 
284 
285 
286 
287 
288 
289 
290 
291 
292 
293 
294 
295 
296 
297 
298 
299 
300 
301 
302 
303 
304 
305 
306 
307 
308 
309 
310 
311 
312 
313 
314 
315 
316 
317 
318 
319 
320 
321 
322 
323 
324 
325 
326 
327 
328 
329 
330 
331 
332 
333 
334 
335 
336 
337 
338 
339 
340 
341 
342 
343 
344 
345 
346 
347 
348 
349 
350 
351 350 
352 
353 
354 
355 
356 
357 
358 
359 
360 
361 
362 
363 
364 
365 
366 
367 
368 
369 
370 
371 
372 
373 
374 
375 
376 
377 
378 
379 
380 
381 
382 
383 
384 
385 
386 
387 
388 
389 388 
390 
391 
392 
393 
394 
395 
396 
397 
398 
399 
400 
401 
402 
403 
404 
405 
406 
407 
408 
409 
410 410 
411 
412 
413 
414 
415 
416 
417 
418 
419 
420 
421 
422 
423 
424 
425 
426 
427 
428 
429 
430 
431 
432 
433 
434 
435 
436 
437 
438 
439 
440 
441 
442 
443 
444 
445 
446 
447 
448 
449 
450 
451 
452 
453 
454 
455 
456 
457 
458 
459 
460 
461 
462 
463 
464 
465 
466 
467 
468 
469 
470 
471 
472 
473 
474 
475 
476 
477 
478 
479 
480 
481 
482 
483 
484 
485 
486 
487 
488 
489 
490 
491 
492 
493 
494 
495 
496 
497 
498 
499 
500 
501 
502 
503 
504 
505 
506 
507 
508 
509 
510 
511 
512 
513 
514 
515 
516 
517 
518 
519 
520 
521 
522 
523 
524 
525 
526 
527 
528 
529 
530 
531 
532 
533 
534 
535 
536 
537 
538 
539 
540 
541 
542 
543 
544 
545 
546 
547 
548 
549 
550 
551 550 
552 
553 
554 
555 554 
556 
557 
558 
559 
560 
561 
562 
563 
564 
565 
566 
567 
568 
569 
570 
571 
572 
573 
574 
575 
576 
577 
578 
579 
580 
581 
582 
583 
584 
585 
586 
587 
588 
589 
590 
591 
592 
593 
594 
595 
596 
597 
598 
599 
600 
601 
602 
603 
604 
605 
606 
607 
608 
609 
610 
611 
612 
613 
614 
615 
616 
617 
618 
619 
620 
621 
622 
623 
624 
625 
626 
627 
628 
629 
630 
631 
632 
633 632 
634 
635 
636 
637 
638 
639 
640 
641 
642 
643 
644 
645 
646 
647 
648 
649 
650 
651 
652 
653 
654 
655 
656 
657 
658 
659 659 
660 
661 
662 
663 
664 
665 
666 
667 
668 
669 
670 
671 
672 
673 
674 
675 
676 
677 
678 
679 
680 
681 
682 
683 
684 
685 
686 
687 
688 
689 
690 
691 
692 
693 
694 
695 
696 
697 
698 
699 
700 
701 
702 
703 
704 
705 
706 
707 
708 
709 
710 
711 
712 
713 
714 
715 
716 
717 
718 
719 
720 
721 
722 
723 
724 
725 
726 
727 
728 
729 
730 
731 
732 
733 
734 
735 
736 
737 
738 
739 
740 
741 
742 
743 
744 
745 
746 
747 
748 
749 
750 
751 
752 
753 
754 
755 
756 
757 
758 
759 
760 
761 
762 
763 
764 
765 
766 
767 
768 
769 
770 
771 
772 
773 
774 
775 
776 
777 
778 
779 
780 
781 
782 
783 
784 
785 
786 
787 
788 
789 
790 
791 
792 
793 
794 
795 
796 
797 
798 
799 
800 
801 
802 
803 
804 
805 
806 
807 
808 
809 
810 
811 
812 
813 812 
814 
815 
816 
817 
818 
819 
820 
821 
822 
823 
824 
825 
826 
827 
828 
829 
830 
831 
832 
833 
834 
835 
836 
837 
838 
839 
840 
841 
842 
843 
844 
845 
846 
847 
848 
849 
850 
851 
852 
853 
854 
855 
856 
857 
858 
859 
860 
861 
862 
863 
864 
865 
866 
867 
868 
869 
870 
871 
872 
873 
874 
875 
876 
877 
878 
879 
880 
881 
882 
883 
884 
885 
886 
887 
888 887 
889 
890 
891 
892 
893 
894 
895 
896 
897 
898 
899 
900 
901 
902 
903 
904 
905 
906 
907 
908 
909 
910 
911 
912 
913 
914 
915 
916 
917 
918 
919 
920 
921 
922 
923 
924 
925 
926 
927 
928 
929 
930 
931 
932 
933 
934 
935 
936 
937 
938 
939 
940 
941 
942 
943 
944 
945 
946 
947 
948 
949 
950 
951 
952 
953 
954 
955 
956 
957 
958 
959 
960 
961 
962 
963 
964 
965 
966 
967 
968 
969 
970 
971 
972 
973 
974 
975 
976 
977 
978 
979 
980 
981 
982 
983 
984 
985 
986 
987 
988 
989 
990 
991 
992 
993 
994 
995 
996 
997 
998 
999 
1000 
1001 
1002 
1003 
1004 
1005 
1006 
1007 
1008 
1009 
1010 
1011 
1012 
1013 
1014 
1015 
1016 
1017 
1018 
1019 
1020 
1021 
1022 
1023 
1024 
1025 
1026 
1027 
1028 
1029 
1030 
1031 
1032 
1033 
1034 
1035 
1036 
1037 
1038 
1039 
1040 
1041 
1042 
1043 
1044 
1045 
1046 
1047 
1048 
1049 
1050 
1051 
1052 
1053 
1054 
1055 
1056 
1057 
1058 
1059 
1060 
1061 
1062 
1063 
1064 
1065 
1066 
1067 
1068 
1069 
1070 
1071 
1072 
1073 
1074 
1075 
1076 
1077 
1078 
1079 
1080 
1081 
1082 1081 
1083 
1084 
1085 
1086 
1087 1086 
1088 
1089 
1090 
1091 
1092 
1093 
1094 
1095 
1096 
1097 
1098 
1099 
1100 
1101 
1102 
1103 
1104 
1105 
1106 
1107 
1108 
1109 
1110 
1111 
1112 
1113 
1114 
1115 
1116 
1117 
1118 
1119 
1120 
1121 
1122 
1123 
1124 
1125 
1126 
1127 
1128 
1129 
1130 
1131 
1132 
1133 
1134 
1135 
1136 
1137 
1138 
1139 
1140 
1141 
1142 
1143 
1144 
1145 
1146 
1147 
1148 
1149 
1150 
1151 
1152 
1153 
1154 
1155 
1156 
1157 
1158 
1159 
1160 
1161 
1162 
1163 
1164 
1165 
1166 
1167 
1168 
1169 
1170 
1171 
1172 
1173 
1174 
1175 
1176 
1177 
1178 
1179 1178 
1180 
1181 
1182 
1183 
1184 1183 
1185 
1186 
1187 
1188 
1189 
1190 
1191 
1192 
1193 
1194 
1195 
1196 
1197 
1198 
1199 
1200 
1201 
1202 
1203 
1204 
1205 
1206 
1207 
1208 
1209 
1210 
1211 
1212 
1213 
1214 
1215 
1216 
1217 
1218 
1219 
1220 
1221 
1222 
1223 
1224 
1225 
1226 
1227 
1228 
1229 
1230 
1231 
1232 
1233 
1234 
1235 
1236 
1237 
1238 
1239 
1240 
1241 1240 
1242 
1243 
1244 1243 
1245 
1246 
1247 
1248 
1249 
1250 
1251 
1252 
1253 
1254 
1255 
1256 
1257 
1258 
1259 
1260 1259 
1261 
1262 
1263 
1264 
1265 
1266 
1267 
1268 
1269 
1270 
1271 
1272 
1273 
1274 
1275 
1276 
1277 
1278 
1279 
1280 
1281 
1282 
1283 
1284 
1285 
1286 
1287 
1288 
1289 
1290 
1291 
1292 
1293 
1294 
1295 
1296 
1297 
1298 
1299 
1300 
1301 
1302 
1303 
1304 
1305 
1306 
1307 
1308 
1309 
1310 
1311 
1312 
1313 
1314 
1315 
1316 
1317 
1318 
1319 
1320 
1321 
1322 
1323 
1324 
1325 
1326 
1327 
1328 
1329 
1330 
1331 
1332 
1333 
1334 
1335 
1336 
1337 
1338 
1339 
1340 
1341 
1342 1341 
1343 
1344 
1345 
1346 
1347 
1348 
1349 
1350 
1351 
1352 
1353 
1354 
1355 
1356 
1357 
1358 
1359 
1360 
1361 
1362 
1363 
1364 1363 
1365 
1366 
1367 
1368 
1369 
1370 
1371 
1372 
1373 
1374 
1375 
1376 
1377 
1378 
1379 
1380 
1381 
1382 
1383 
1384 
1385 
1386 
1387 
1388 
1389 
1390 
1391 
1392 
1393 
1394 
1395 
1396 
1397 
1398 
1399 
1400 
1401 
1402 
1403 
1404 
1405 
1406 
1407 
1408 
1409 1408 
1410 
1411 
1412 
1413 
1414 
1415 
1416 
1417 
1418 
1419 
1420 
1421 
1422 
1423 
1424 
1425 
1426 
1427 
1428 
1429 
1430 
1431 
1432 
1433 
1434 
1435 
1436 
1437 
1438 
1439 
1440 
1441 
1442 
1443 
1444 
1445 
1446 
1447 
1448 
1449 
1450 
1451 
1452 
1453 
1454 
1455 
1456 
1457 
1458 
1459 
1460 
1461 
1462 
1463 
1464 
1465 
1466 
1467 
1468 
1469 
1470 
1471 
1472 
1473 
1474 
1475 
1476 
1477 
1478 
1479 
1480 
1481 
1482 
1483 
1484 
1485 
1486 
1487 
1488 
1489 
1490 
1491 
1492 
1493 
1494 
1495 
1496 
1497 
1498 
1499 
1500 
1501 
1502 
1503 
1504 
1505 
1506 
1507 
1508 
1509 
1510 
1511 
1512 
1513 
1514 
1515 
1516 
1517 
1518 
1519 
1520 
1521 
1522 
1523 
1524 
1525 
1526 
1527 
1528 
1529 
1530 
1531 
1532 
1533 
1534 
1535 
1536 
1537 
1538 
1539 
1540 
1541 
1542 
1543 
1544 
1545 
1546 
1547 
1548 
1549 
1550 
1551 
1552 
1553 
1554 
1555 
1556 
1557 
1558 
1559 
1560 1559 
1561 
1562 
1563 
1564 
1565 
1566 
1567 
1568 
1569 
1570 
1571 
1572 
1573 
1574 
1575 
1576 
1577 
1578 
1579 
1580 
1581 
1582 
1583 
1584 
1585 
1586 
1587 
1588 
1589 
1590 
1591 
1592 
1593 
1594 
1595 
1596 
1597 
1598 
1599 
1600 
1601 
1602 
1603 
1604 
1605 
1606 
1607 
1608 
1609 
1610 
1611 
1612 
1613 
1614 
1615 
1616 
1617 
1618 
1619 
1620 
1621 
1622 
1623 
1624 
1625 
1626 
1627 
1628 
1629 
1630 
1631 
1632 
1633 
1634 
1635 
1636 
1637 
1638 
1639 
1640 
1641 
1642 
1643 
1644 
1645 
1646 
1647 
1648 
1649 
1650 
1651 
1652 
1653 
1654 
1655 
1656 
1657 
1658 
1659 
1660 
1661 
1662 
1663 
1664 
1665 
1666 
1667 
1668 
1669 
1670 
1671 
1672 
1673 
1674 
1675 
1676 
1677 
1678 
1679 
1680 
1681 
1682 
1683 
1684 
1685 
1686 1686 
1687 
1688 
1689 
1690 
1691 
1692 
1693 
1694 
1695 
1696 
1697 
1698 
1699 
1700 
1701 
1702 
1703 
1704 
1705 
1706 
1707 
1708 
1709 
1710 
1711 
1712 
1713 
1714 
1715 
1716 
1717 
1718 
1719 
1720 
1721 
1722 
1723 
1724 
1725 
1726 
1727 
1728 
1729 
1730 1689 1729 
1731 
1732 
1733 
1734 
1735 
1736 
1737 
1738 
1739 
1740 
1741 
1742 
1743 
1744 
1745 
1746 
1747 
1748 
1749 
1750 
1751 
1752 
1753 
1754 
1755 
1756 
1757 
1758 
1759 
1760 
1761 
1762 
1763 
1764 
1765 
1766 
1767 
1768 
1769 
1770 
1771 
1772 
1773 
1774 
1775 
1776 
1777 
1778 
1779 
1780 
1781 
1782 
1783 
1784 
1785 
1786 
1787 
1788 
1789 
1790 
1791 
1792 
1793 
1794 
1795 
1796 
1797 
1798 
1799 
1800 
1801 
1802 
1803 
1804 
1805 
1806 
1807 
1808 
1809 
1810 
1811 
1812 
1813 
1814 
1815 
1816 
1817 
1818 
1819 
1820 
1821 
1822 
1823 
1824 
1825 
1826 
1827 
1828 
1829 
1830 
1831 
1832 
1833 
1834 
1835 
1836 
1837 
1838 
1839 
1840 
1841 
1842 
1843 
1844 
1845 
1846 
1847 
1848 
1849 
1850 
1851 
1852 
1853 
1854 
1855 
1856 
1857 
1858 
1859 
1860 
1861 
1862 
1863 
1864 
1865 
1866 
1867 
1868 
1869 
1870 
1871 
1872 
1873 
1874 
1875 
1876 
1877 
1878 
1879 
1880 
1881 
1882 
1883 
1884 
1885 
1886 
1887 
1888 
1889 
1890 
1891 
1892 
1893 
1894 
1895 
1896 
1897 
1898 
1899 
1900 
1901 
1902 
1903 
1904 1903 
1905 
1906 
1907 
1908 
1909 
1910 
1911 
1912 
1913 
1914 
1915 
1916 
1917 
1918 
1919 
1920 
1921 
1922 
1923 
1924 
1925 
1926 
1927 
1928 
1929 
1930 
1931 
1932 
1933 
1934 
1935 
1936 
1937 
1938 
1939 
1940 
1941 
1942 
1943 
1944 
1945 
1946 
1947 
1948 
1949 
1950 
1951 
1952 
1953 
1954 
1955 
1956 
1957 
1958 
1959 
1960 
1961 
1962 
1963 
1964 
1965 
1966 
1967 
1968 
1969 
1970 
1971 
1972 
1973 
1974 
1975 
1976 
1977 
1978 
1979 
1980 
1981 
1982 
1983 
1984 
1985 
1986 
1987 
1988 
1989 
1990 
1991 
1992 
1993 
1994 
1995 
1996 
1997 
1998 
1999 
2000 
2001 
2002 
2003 
2004 
2005 
2006 
2007 
2008 
2009 
2010 
2011 
2012 
2013 
2014 
2015 
2016 
2017 
2018 
2019 
2020 
2021 
2022 
2023 
2024 
2025 
2026 
2027 
2028 
2029 
2030 
2031 
2032 
2033 
2034 
2035 
2036 
2037 
2038 
2039 
2040 
2041 
2042 
2043 
2044 
2045 
2046 
2047 
2048 
2049 
2050 
2051 
2052 
2053 
2054 
2055 
2056 
2057 
2058 
2059 
2060 
2061 
2062 
2063 
2064 
2065 
2066 
2067 
2068 
2069 
2070 
2071 2070 2069 
2072 
2073 2072 
2074 
2075 
2076 
2077 
2078 
2079 
2080 
2081 
2082 
2083 
2084 
2085 
2086 
2087 
2088 
2089 
2090 
2091 
2092 
2093 
2094 
2095 
2096 
2097 
2098 
2099 
2100 2099 
2101 
2102 
2103 
2104 
2105 
2106 
2107 
2108 
2109 
2110 
2111 
2112 
2113 
2114 
2115 
2116 
2117 
2118 
2119 
2120 
2121 2120 
2122 
2123 
2124 
2125 
2126 
2127 
2128 
2129 
2130 
2131 
2132 
2133 
2134 
2135 
2136 
2137 
2138 
2139 
2140 
2141 
2142 
2143 
2144 
2145 
2146 
2147 
2148 
2149 
2150 
2151 
2152 
2153 
2154 
2155 
2156 
2157 
2158 
2159 
2160 
2161 
2162 
2163 
2164 
2165 
2166 
2167 
2168 
2169 
2170 
2171 
2172 
2173 
2174 
2175 
2176 
2177 
2178 
2179 
2180 
2181 
2182 
2183 
2184 
2185 
2186 
2187 
2188 
2189 
2190 
2191 
2192 
2193 
2194 
2195 
2196 
2197 
2198 
2199 
2200 
2201 
2202 
2203 
2204 
2205 
2206 
2207 
2208 
2209 
2210 
2211 
2212 
2213 
2214 
2215 
2216 
2217 
2218 
2219 
2220 
2221 
2222 
2223 
2224 
2225 
2226 
2227 
2228 
2229 
2230 
2231 
2232 
2233 
2234 
2235 
2236 
2237 
2238 
2239 
2240 
2241 
2242 
2243 
2244 
2245 
2246 
2247 
2248 
2249 
2250 
2251 
2252 
2253 
2254 
2255 
2256 
2257 
2258 
2259 
2260 
2261 
2262 
2263 
2264 
2265 
2266 
2267 
2268 
2269 
2270 
2271 
2272 
2273 
2274 
2275 
2276 
2277 
2278 
2279 
2280 
2281 
2282 
2283 
2284 
2285 
2286 
2287 
2288 
2289 
2290 
2291 
2292 
2293 
2294 
2295 2294 
2296 
2297 
2298 
2299 
2300 
2301 
2302 
2303 
2304 
2305 
2306 
2307 
2308 
2309 
2310 
2311 
2312 
2313 
2314 
2315 
2316 
2317 
2318 
2319 
2320 
2321 
2322 
2323 
2324 
2325 
2326 
2327 2327 
2328 
2329 
2330 
2331 
2332 
2333 
2334 
2335 
2336 
2337 
2338 
2339 
2340 
2341 
2342 
2343 
2344 
2345 
2346 
2347 
2348 
2349 
2350 
2351 
2352 
2353 
2354 
2355 
2356 
2357 
2358 
2359 
2360 
2361 
2362 
2363 
2364 
2365 
2366 
2367 
2368 
2369 
2370 
2371 
2372 
2373 
2374 
2375 
2376 
2377 2376 
2378 
2379 
2380 
2381 
2382 
2383 
2384 
2385 
2386 
2387 
2388 
2389 
2390 
2391 
2392 
2393 
2394 
2395 
2396 
2397 
2398 
2399 
2400 
2401 
2402 
2403 
2404 
2405 
2406 
2407 
2408 
2409 
2410 
2411 
2412 
2413 
2414 
2415 
2416 
2417 
2418 
2419 
2420 
2421 
2422 
2423 
2424 
2425 
2426 
2427 
2428 
2429 
2430 
2431 
2432 
2433 
2434 
2435 
2436 
2437 
2438 
2439 
2440 
2441 
2442 
2443 
2444 
2445 
2446 
2447 
2448 
2449 
2450 
2451 
2452 
2453 
2454 
2455 
2456 
2457 
2458 
2459 
2460 
2461 
2462 
2463 
2464 
2465 
2466 
2467 
2468 
2469 
2470 
2471 
2472 
2473 
2474 
2475 
2476 
2477 
2478 
2479 
2480 
2481 
2482 
2483 
2484 
2485 
2486 
2487 
2488 
2489 
2490 
2491 
2492 
2493 
2494 
2495 
2496 
2497 
2498 
2499 
2500 
2501 
2502 
2503 
2504 
2505 
2506 
2507 
2508 
2509 
2510 
2511 
2512 
2513 
2514 
2515 
2516 
2517 
2518 
2519 
2520 2519 
2521 
2522 
2523 
2524 
2525 
2526 
2527 
2528 
2529 
2530 
2531 
2532 
2533 
2534 
2535 
2536 
2537 
2538 
2539 
2540 
2541 
2542 
2543 
2544 
2545 
2546 
2547 
2548 
2549 
2550 
2551 
2552 
2553 
2554 
2555 
2556 
2557 
2558 
2559 
2560 
2561 
2562 
2563 
2564 
2565 
2566 
2567 
2568 
2569 
2570 
2571 
2572 
2573 
2574 
2575 
2576 
2577 
2578 
2579 
2580 
2581 
2582 
2583 
2584 
2585 
2586 
2587 
2588 
2589 
2590 
2591 
2592 
2593 
2594 
2595 
2596 
2597 
2598 
2599 
2600 
2601 
2602 
2603 
2604 
2605 
2606 
2607 
2608 
2609 
2610 
2611 
2612 
2613 
2614 
2615 
2616 
2617 
2618 
2619 
2620 
2621 
2622 
2623 
2624 
2625 
2626 
2627 
2628 
2629 
2630 
2631 
2632 
2633 
2634 
2635 
2636 
2637 
2638 
2639 
2640 
2641 
2642 
2643 
2644 
2645 
2646 2646 
2647 
2648 
2649 
2650 
2651 
2652 
2653 
2654 
2655 2654 
2656 
2657 
2658 
2659 
2660 
2661 
2662 
2663 
2664 
2665 
2666 
2667 
2668 
2669 
2670 
2671 
2672 
2673 
2674 
2675 
2676 
2677 
2678 
2679 
2680 
2681 
2682 
2683 
2684 
2685 
2686 
2687 
2688 
2689 
2690 
2691 
2692 
2693 
2694 
2695 
2696 
2697 
2698 
2699 
2700 
2701 
2702 
2703 
2704 
2705 
2706 
2707 
2708 
2709 
2710 
2711 
2712 
2713 
2714 
2715 
2716 
2717 
2718 
2719 
2720 
2721 
2722 
2723 
2724 
2725 
2726 
2727 
2728 
2729 
2730 
2731 
2732 
2733 
2734 
2735 
2736 
2737 
2738 
2739 
2740 
2741 
2742 
2743 
2744 
2745 
2746 
2747 
2748 
2749 
2750 
2751 
2752 
2753 
2754 
2755 
2756 
2757 
2758 
2759 
2760 
2761 
2762 
2763 
2764 
2765 
2766 
2767 
2768 
2769 
2770 
2771 
2772 
2773 
2774 
2775 
2776 
2777 
2778 
2779 
2780 
2781 
2782 
2783 
2784 
2785 
2786 
2787 
2788 
2789 
2790 
2791 
2792 
2793 
2794 
2795 
2796 
2797 
2798 
2799 
2800 
2801 
2802 
2803 
2804 
2805 
2806 
2807 
2808 
2809 
2810 
2811 
2812 
2813 
2814 
2815 
2816 
2817 
2818 
2819 
2820 
2821 
2822 
2823 
2824 
2825 
2826 
2827 
2828 
2829 
2830 
2831 
2832 
2833 
2834 
2835 
2836 
2837 
2838 
2839 
2840 
2841 
2842 
2843 
2844 
2845 
2846 
2847 
2848 
2849 
2850 
2851 
2852 
2853 
2854 
2855 2854 
2856 
2857 
2858 
2859 
2860 
2861 
2862 
2863 
2864 
2865 
2866 
2867 
2868 
2869 
2870 
2871 
2872 
2873 
2874 
2875 
2876 
2877 
2878 
2879 
2880 
2881 
2882 
2883 
2884 
2885 
2886 
2887 
2888 
2889 
2890 
2891 
2892 
2893 
2894 
2895 
2896 
2897 2896 
2898 
2899 
2900 
2901 
2902 
2903 
2904 
2905 
2906 
2907 
2908 
2909 
2910 
2911 
2912 
2913 
2914 
2915 
2916 
2917 
2918 
2919 
2920 
2921 
2922 
2923 
2924 
2925 
2926 
2927 
2928 
2929 
2930 
2931 
2932 
2933 
2934 
2935 
2936 
2937 
2938 
2939 
2940 
2941 2941 
2942 
2943 
2944 
2945 
2946 
2947 
2948 
2949 
2950 
2951 
2952 
2953 
2954 
2955 
2956 
2957 
2958 
2959 
2960 
2961 
2962 
2963 
2964 
2965 
2966 
2967 
2968 
2969 
2970 
2971 
2972 
2973 
2974 
2975 
2976 
2977 
2978 
2979 
2980 
2981 
2982 
2983 
2984 
2985 
2986 
2987 
2988 
2989 
2990 
2991 
2992 
2993 
2994 
2995 
2996 
2997 
2998 
2999 
3000 
3001 
3002 
3003 
3004 
3005 
3006 
3007 
3008 
3009 
3010 
3011 
3012 
3013 
3014 
3015 
3016 
3017 
3018 
3019 
3020 
3021 
3022 
3023 
3024 
3025 
3026 
3027 
3028 
3029 
3030 
3031 
3032 
3033 
3034 
3035 
3036 3035 2351 
3037 
3038 
3039 
3040 
3041 
3042 
3043 
3044 
3045 
3046 
3047 
3048 
3049 
3050 
3051 
3052 
3053 
3054 
3055 
3056 
3057 
3058 
3059 
3060 
3061 
3062 
3063 
3064 
3065 
3066 
3067 
3068 
3069 
3070 
3071 
3072 
3073 
3074 
3075 
3076 
3077 
3078 
3079 
3080 
3081 
3082 
3083 
3084 
3085 
3086 
3087 
3088 
3089 
3090 
3091 
3092 
3093 
3094 
3095 
3096 
3097 
3098 
3099 
3100 
3101 
3102 
3103 
3104 
3105 
3106 
3107 
3108 
3109 
3110 
3111 
3112 
3113 
3114 
3115 
3116 
3117 
3118 3117 
3119 
3120 
3121 
3122 
3123 
3124 
3125 3124 
3126 
3127 
3128 
3129 
3130 
3131 
3132 
3133 
3134 
3135 
3136 
3137 
3138 
3139 
3140 
3141 
3142 
3143 
3144 
3145 
3146 
3147 
3148 
3149 
3150 
3151 
3152 
3153 
3154 
3155 
3156 
3157 
3158 
3159 
3160 
3161 
3162 
3163 
3164 
3165 
3166 
3167 
3168 
3169 
3170 
3171 
3172 
3173 
3174 
3175 
3176 
3177 
3178 
3179 
3180 
3181 
3182 
3183 
3184 
3185 
3186 
3187 
3188 
3189 
3190 
3191 
3192 
3193 
3194 
3195 
3196 
3197 
3198 
3199 
3200 
3201 
3202 
3203 
3204 
3205 
3206 
3207 
3208 
3209 
3210 
3211 
3212 
3213 
3214 
3215 
3216 
3217 
3218 
3219 
3220 
3221 
3222 
3223 
3224 
3225 
3226 
3227 
3228 
3229 
3230 
3231 
3232 
3233 
3234 
3235 
3236 
3237 
3238 
3239 
3240 
3241 
3242 
3243 
3244 
3245 
3246 
3247 
3248 
3249 
3250 
3251 
3252 
3253 
3254 
3255 
3256 
3257 
3258 
3259 
3260 
3261 
3262 
3263 
3264 
3265 
3266 
3267 
3268 
3269 
3270 
3271 
3272 
3273 
3274 
3275 
3276 
3277 
3278 
3279 
3280 
3281 
3282 
3283 
3284 
3285 
3286 
3287 
3288 
3289 
3290 
3291 
3292 
3293 
3294 
3295 
3296 
3297 
3298 
3299 
3300 
3301 
3302 
3303 
3304 
3305 
3306 
3307 
3308 
3309 
3310 
3311 
3312 
3313 
3314 
3315 
3316 
3317 
3318 
3319 
3320 
3321 
3322 
3323 
3324 
3325 
3326 
3327 
3328 
3329 
3330 
3331 
3332 
3333 
3334 
3335 
3336 
3337 
3338 
3339 
3340 
3341 
3342 
3343 
3344 
3345 
3346 
3347 
3348 
3349 
3350 
3351 
3352 
3353 
3354 
3355 
3356 
3357 
3358 
3359 
3360 
3361 
3362 
3363 
3364 
3365 
3366 
3367 
3368 
3369 
3370 
3371 
3372 
3373 
3374 
3375 
3376 
3377 
3378 
3379 
3380 
3381 
3382 
3383 
3384 
3385 
3386 
3387 
3388 
3389 
3390 
3391 
3392 
3393 
3394 
3395 
3396 3396 
3397 
3398 
3399 
3400 
3401 
3402 
3403 
3404 
3405 
3406 
3407 
3408 
3409 
3410 
3411 
3412 
3413 
3414 
3415 
3416 
3417 
3418 
3419 
3420 
3421 
3422 
3423 
3424 
3425 
3426 
3427 
3428 
3429 
3430 
3431 
3432 3431 
3433 
3434 
3435 
3436 
3437 
3438 
3439 
3440 
3441 
3442 
3443 
3444 
3445 
3446 
3447 
3448 
3449 
3450 
3451 
3452 
3453 
3454 
3455 
3456 
3457 
3458 
3459 
3460 
3461 
3462 
3463 
3464 
3465 
3466 
3467 
3468 
3469 
3470 
3471 
3472 
3473 
3474 
3475 
3476 
3477 
3478 
3479 
3480 
3481 
3482 
3483 
3484 
3485 
3486 
3487 
3488 
3489 
3490 
3491 
3492 
3493 
3494 
3495 
3496 
3497 
3498 
3499 
3500 
3501 
3502 
3503 
3504 
3505 
3506 
3507 
3508 
3509 
3510 
3511 
3512 
3513 
3514 
3515 
3516 
3517 
3518 
3519 
3520 
3521 
3522 
3523 
3524 
3525 
3526 
3527 
3528 
3529 
3530 
3531 
3532 
3533 
3534 
3535 
3536 
3537 
3538 
3539 
3540 
3541 
3542 
3543 3543 
3544 
3545 
3546 
3547 
3548 
3549 
3550 
3551 
3552 
3553 
3554 
3555 
3556 
3557 
3558 
3559 
3560 
3561 
3562 
3563 
3564 
3565 
3566 
3567 
3568 
3569 
3570 
3571 
3572 
3573 
3574 
3575 
3576 
3577 
3578 
3579 
3580 
3581 
3582 
3583 
3584 
3585 
3586 
3587 
3588 
3589 
3590 
3591 
3592 
3593 
3594 
3595 
3596 
3597 
3598 
3599 
3600 
3601 
3602 
3603 
3604 
3605 
3606 
3607 
3608 
3609 
3610 
3611 
3612 
3613 
3614 
3615 
3616 
3617 
3618 
3619 
3620 
3621 
3622 
3623 
3624 
3625 
3626 
3627 
3628 
3629 
3630 
3631 
3632 
3633 
3634 
3635 
3636 
3637 
3638 
3639 
3640 
3641 
3642 
3643 
3644 
3645 
3646 
3647 
3648 
3649 
3650 
3651 
3652 
3653 
3654 
3655 
3656 
3657 
3658 
3659 
3660 
3661 
3662 
3663 
3664 
3665 
3666 
3667 
3668 
3669 
3670 
3671 
3672 
3673 
3674 
3675 
3676 
3677 
3678 
3679 
3680 
3681 
3682 
3683 
3684 
3685 
3686 
3687 
3688 
3689 
3690 
3691 
3692 
3693 
3694 
3695 
3696 
3697 
3698 
3699 
3700 
3701 
3702 
3703 
3704 
3705 
3706 
3707 
3708 
3709 
3710 
3711 
3712 
3713 
3714 
3715 
3716 
3717 
3718 
3719 
3720 
3721 
3722 
3723 
3724 
3725 
3726 
3727 
3728 
3729 
3730 
3731 
3732 
3733 
3734 
3735 
3736 
3737 
3738 
3739 
3740 
3741 
3742 
3743 
3744 
3745 
3746 
3747 
3748 3747 
3749 
3750 
3751 
3752 
3753 
3754 
3755 
3756 
3757 
3758 
3759 
3760 
3761 
3762 
3763 
3764 
3765 
3766 
3767 
3768 
3769 
3770 
3771 
3772 
3773 
3774 
3775 
3776 
3777 
3778 
3779 
3780 
3781 
3782 
3783 
3784 
3785 
3786 
3787 
3788 
3789 
3790 
3791 
3792 
3793 
3794 
3795 
3796 
3797 
3798 
3799 
3800 
3801 
3802 
3803 
3804 
3805 
3806 
3807 
3808 
3809 
3810 
3811 
3812 
3813 
3814 
3815 
3816 
3817 
3818 
3819 
3820 
3821 
3822 
3823 
3824 
3825 
3826 
3827 
3828 
3829 
3830 
3831 
3832 
3833 
3834 
3835 
3836 
3837 
3838 
3839 
3840 
3841 
3842 
3843 
3844 
3845 
3846 
3847 
3848 
3849 
3850 
3851 
3852 
3853 
3854 
3855 
3856 
3857 
3858 
3859 
3860 
3861 
3862 
3863 
3864 
3865 
3866 
3867 
3868 
3869 
3870 
3871 
3872 
3873 
3874 
3875 
3876 
3877 
3878 
3879 
3880 
3881 
3882 
3883 
3884 
3885 
3886 
3887 
3888 
3889 
3890 
3891 
3892 
3893 
3894 
3895 
3896 
3897 
3898 
3899 
3900 
3901 
3902 
3903 
3904 
3905 
3906 
3907 
3908 
3909 
3910 
3911 
3912 
3913 
3914 
3915 
3916 
3917 
3918 
3919 
3920 
3921 
3922 
3923 
3924 
3925 
3926 
3927 
3928 
3929 
3930 
3931 
3932 
3933 
3934 
3935 
3936 
3937 
3938 
3939 
3940 
3941 
3942 
3943 
3944 
3945 
3946 
3947 
3948 
3949 
3950 
3951 
3952 
3953 
3954 
3955 
3956 
3957 
3958 
3959 
3960 
3961 
3962 
3963 
3964 
3965 
3966 
3967 
3968 
3969 
3970 
3971 
3972 
3973 
3974 
3975 
3976 
3977 
3978 
3979 
3980 
3981 
3982 
3983 
3984 
3985 
3986 
3987 
3988 
3989 
3990 
3991 
3992 
3993 
3994 
3995 
3996 
3997 
3998 
3999 
4000 
4001 
4002 
4003 
4004 
4005 
4006 
4007 
4008 
4009 
4010 
4011 
4012 
4013 
4014 
4015 
4016 
4017 
4018 
4019 
4020 
4021 
4022 
4023 
4024 
4025 
4026 
4027 
4028 
4029 
4030 
4031 
4032 
4033 
4034 
4035 
4036 
4037 
4038 
4039 
4040 
4041 
4042 
4043 
4044 
4045 
4046 
4047 
4048 
4049 
4050 
4051 
4052 
4053 
4054 
4055 
4056 
4057 
4058 
4059 
4060 
4061 
4062 
4063 
4064 
4065 
4066 
4067 
4068 
4069 
4070 
4071 
4072 
4073 
4074 
4075 
4076 
4077 
4078 
4079 
4080 
4081 
4082 
4083 
4084 
4085 
4086 
4087 
4088 
4089 
4090 
4091 
4092 
4093 
4094 
4095 
4096 
4097 
4098 
4099 
4100 
4101 
4102 
4103 
4104 
4105 
4106 
4107 
4108 
4109 4108 3448 
4110 
4111 
4112 
4113 
4114 
4115 
4116 
4117 
4118 
4119 
4120 
4121 
4122 
4123 
4124 
4125 
4126 
4127 
4128 
4129 
4130 
4131 
4132 
4133 
4134 
4135 
4136 
4137 
4138 
4139 
4140 
4141 
4142 
4143 
4144 
4145 
4146 
4147 
4148 
4149 
4150 
4151 
4152 
4153 
4154 
4155 
4156 
4157 
4158 
4159 
4160 
4161 
4162 
4163 
4164 
4165 
4166 
4167 
4168 
4169 
4170 
4171 
4172 
4173 
4174 
4175 
4176 
4177 
4178 
4179 
4180 
4181 
4182 
4183 
4184 
4185 
4186 
4187 
4188 
4189 
4190 
4191 
4192 
4193 
4194 
4195 
4196 
4197 
4198 
4199 
4200 
4201 
4202 
4203 
4204 
4205 
4206 
4207 
4208 
4209 
4210 
4211 
4212 
4213 
4214 
4215 
4216 
4217 
4218 
4219 
4220 
4221 
4222 
4223 
4224 
4225 
4226 
4227 
4228 
4229 
4230 
4231 
4232 
4233 
4234 
4235 
4236 
4237 
4238 
4239 
4240 
4241 
4242 
4243 
4244 
4245 
4246 
4247 
4248 
4249 
4250 
4251 
4252 
4253 
4254 4254 
4255 
4256 
4257 
4258 
4259 
4260 
4261 
4262 
4263 
4264 
4265 
4266 
4267 
4268 
4269 
4270 
4271 
4272 
4273 
4274 
4275 
4276 
4277 
4278 
4279 
4280 
4281 
4282 
4283 
4284 
4285 
4286 
4287 
4288 
4289 
4290 
4291 
4292 
4293 
4294 
4295 
4296 
4297 
4298 
4299 
4300 
4301 4300 
4302 
4303 
4304 
4305 
4306 
4307 
4308 
4309 
4310 
4311 
4312 
4313 
4314 
4315 
4316 
4317 
4318 
4319 
4320 
4321 
4322 
4323 
4324 
4325 
4326 
4327 
4328 
4329 
4330 
4331 
4332 
4333 
4334 
4335 
4336 
4337 
4338 
4339 
4340 
4341 
4342 
4343 
4344 
4345 
4346 
4347 
4348 
4349 
4350 
4351 
4352 
4353 
4354 
4355 
4356 
4357 
4358 
4359 
4360 
4361 
4362 
4363 
4364 
4365 
4366 
4367 
4368 
4369 
4370 
4371 
4372 
4373 
4374 
4375 
4376 
4377 
4378 
4379 
4380 
4381 
4382 
4383 
4384 
4385 
4386 
4387 
4388 
4389 
4390 
4391 
4392 
4393 
4394 
4395 
4396 
4397 
4398 
4399 
4400 
4401 
4402 
4403 
4404 4404 
4405 
4406 
4407 
4408 
4409 
4410 
4411 
4412 
4413 
4414 
4415 
4416 
4417 
4418 
4419 
4420 
4421 
4422 
4423 
4424 
4425 
4426 
4427 
4428 
4429 
4430 
4431 
4432 
4433 
4434 
4435 
4436 
4437 
4438 
4439 
4440 
4441 
4442 
4443 
4444 
4445 
4446 
4447 
4448 
4449 
4450 
4451 
4452 
4453 
4454 
4455 
4456 
4457 
4458 
4459 
4460 
4461 
4462 
4463 
4464 4463 
4465 4463 
4466 4463 4466 
4467 
4468 
4469 
4470 
4471 
4472 
4473 
4474 
4475 
4476 
4477 
4478 
4479 
4480 
4481 
4482 
4483 
4484 
4485 
4486 
4487 
4488 
4489 
4490 
4491 
4492 
4493 
4494 
4495 
4496 
4497 
4498 
4499 
4500 
4501 
4502 
4503 
4504 4503 733 
4505 
4506 
4507 
4508 
4509 
4510 
4511 
4512 
4513 
4514 
4515 
4516 
4517 
4518 
4519 
4520 
4521 
4522 
4523 
4524 
4525 
4526 
4527 
4528 
4529 
4530 
4531 
4532 
4533 
4534 
4535 
4536 
4537 
4538 
4539 
4540 
4541 
4542 
4543 
4544 
4545 
4546 
4547 
4548 
4549 
4550 
4551 
4552 
4553 
4554 
4555 
4556 
4557 
4558 4558 
4559 
4560 
4561 
4562 
4563 
4564 
4565 
4566 
4567 
4568 
4569 
4570 
4571 
4572 
4573 
4574 
4575 
4576 
4577 
4578 
4579 
4580 
4581 
4582 
4583 
4584 
4585 
4586 
4587 
4588 
4589 
4590 
4591 
4592 
4593 
4594 
4595 
4596 
4597 
4598 
4599 
4600 
4601 
4602 
4603 
4604 
4605 
4606 
4607 
4608 
4609 
4610 
4611 
4612 
4613 
4614 
4615 
4616 
4617 
4618 
4619 
4620 
4621 
4622 
4623 
4624 4624 
4625 
4626 
4627 
4628 
4629 
4630 
4631 
4632 
4633 
4634 
4635 
4636 
4637 
4638 
4639 
4640 
4641 
4642 
4643 
4644 
4645 
4646 
4647 
4648 
4649 
4650 
4651 
4652 
4653 
4654 
4655 
4656 
4657 
4658 
4659 
4660 
4661 
4662 
4663 
4664 
4665 
4666 
4667 
4668 
4669 
4670 
4671 
4672 
4673 
4674 
4675 
4676 
4677 
4678 
4679 
4680 
4681 
4682 4681 2512 2772 
4683 
4684 
4685 
4686 
4687 
4688 
4689 
4690 
4691 
4692 
4693 
4694 
4695 
4696 
4697 
4698 
4699 
4700 
4701 
4702 
4703 
4704 
4705 
4706 
4707 
4708 
4709 
4710 
4711 
4712 
4713 
4714 
4715 
4716 
4717 4716 
4718 
4719 
4720 
4721 
4722 
4723 
4724 
4725 
4726 4726 
4727 
4728 
4729 
4730 
4731 
4732 
4733 
4734 
4735 
4736 
4737 4736 
4738 
4739 
4740 
4741 
4742 
4743 
4744 
4745 
4746 4745 
4747 
4748 
4749 
4750 
4751 
4752 
4753 
4754 
4755 
4756 
4757 
4758 
4759 
4760 
4761 
4762 
4763 
4764 
4765 
4766 4765 4704 4515 
4767 
4768 
4769 
4770 
4771 
4772 
4773 
4774 
4775 
4776 
4777 
4778 
4779 
4780 
4781 
4782 
4783 
4784 
4785 
4786 
4787 4786 4761 4448 
4788 
4789 
4790 
4791 
4792 
4793 
4794 
4795 
4796 
4797 4797 
4798 4797 896 
4799 4797 4775 4764 4765 4731 4702 4681 4799 
4800 4797 4800 
4801 4797 4775 4676 4781 4634 4702 4801 
4802 4797 4802 
4803 4797 4769 4775 4781 4765 4731 4649 4789 4704 4748 4753 4803 
4804 4797 4786 4676 4781 4402 4368 4594 
4805 4797 4676 4781 4673 4761 4665 
4806 4797 4745 4765 4767 4485 4806 
4807 4797 4786 4775 4745 4764 4765 4649 4789 4653 4807 
4808 4797 4786 4781 4764 4765 4731 4673 4774 4753 4784 4705 4808 
4809 4797 4680 4809 
4810 4797 4786 4775 4745 4765 4731 4649 4600 4653 4702 4748 4767 4774 4652 4753 4810 
4811 4797 4786 4368 4335 
4812 4797 4781 4764 4765 4649 4789 4704 4784 4812 
4813 4797 4765 4767 4813 
4814 4797 4693 4781 4764 4765 4649 4704 4748 4753 4644 4531 4594 4680 4503 4568 
4815 4797 4789 4704 
4816 4797 4745 4765 4704 4748 4767 4816 
4817 4797 4775 4781 4764 4765 4731 4649 4789 4704 4748 4767 4753 4817 
4818 4797 4745 4765 4655 4650 4562 
4819 4797 4765 4650 4819 
4820 4797 1853 1678 
4821 4797 4786 4546 4354 4362 4625 
4822 4797 4786 4547 4775 4781 4764 4712 4402 4784 4510 
4823 4797 4781 4765 4823 
4824 4797 4781 4765 4731 4789 4704 4582 4744 
4825 4797 4786 4676 4249 4546 4825 
4826 4797 4764 4765 4704 4485 4774 4494 
4827 4797 4786 4745 4765 4731 4789 4704 4748 4655 4485 4494 4484 
4828 4797 4781 4764 4765 4789 4704 4767 4774 4582 4828 
4829 4797 4111 4193 4284 4640 4082 
4830 4797 4702 4767 4485 4830 
4831 4797 
4832 4797 4786 4547 4716 4775 4764 4681 4368 4705 4650 4832 
4833 4797 4781 4764 4765 4649 4704 4653 4748 4485 
4834 4797 4786 4676 4368 4367 4510 4834 
4835 4797 4786 4775 4781 4789 4767 4774 4402 4652 4835 
4836 4797 4786 4836 
4837 4797 4716 4775 4764 4765 4649 4789 4704 4748 4767 4659 4594 4518 
4838 4797 4786 4769 4547 4775 4764 4765 4653 4681 4748 4652 4838 
4839 4797 4839 
4840 4797 4547 4676 4764 4840 
4841 4797 4786 4676 4702 4251 4225 
4842 4797 4842 
4843 4797 
4844 4797 3117 
4845 4797 
4846 4797 
4847 4797 4254 4547 4676 4649 4748 4362 4329 4484 4190 
4848 4797 
4849 4797 4775 4676 4363 4652 4849 
4850 4797 4786 4547 4676 4546 4354 4241 4367 4850 
4851 4797 4786 4547 4676 4764 4249 4329 4311 
4852 4797 4786 4300 4547 4634 4702 4546 4402 4354 4705 4852 
4853 4797 4786 4547 4775 4702 4546 4767 4659 4708 4577 4586 
4854 4797 4786 4188 4026 4640 4854 
4855 4797 
4856 4797 4702 4362 4531 
4857 4797 4786 4769 4547 4775 4693 4745 4857 
4858 4797 
4859 4797 4026 4193 4577 
4860 4797 
4861 4797 4786 4633 4769 4547 4676 4249 4402 4531 4861 
4862 4797 4633 4547 4775 4676 4702 4367 4302 4862 
4863 4797 4786 4633 4676 4702 4644 4205 4680 4708 4251 4224 
4864 4797 4547 4731 4108 4864 
4865 4797 4659 4526 
4866 4797 4367 
4867 4797 4463 4786 3979 3894 
4868 4797 4463 4786 4547 4065 4026 4108 4868 
4869 4797 4693 4731 4767 4869 
4870 4797 4786 4693 4676 4764 4249 4329 4468 
4871 4797 4547 4249 4871 
4872 4797 2932 
4873 4797 4193 4329 
4874 4797 4786 4547 4071 4059 
4875 4797 4704 4193 4653 4680 4247 
4876 4797 4463 4786 3902 4021 4636 3939 
4877 4797 4633 4547 4731 3848 3938 3958 3902 4877 
4878 4797 4786 4026 4659 3938 4205 4021 4878 
4879 4797 4786 4026 4363 4205 4021 4879 
4880 4797 4026 4193 4880 
4881 4797 3938 4114 4684 
4882 4797 4463 4633 4547 3953 4789 4026 4108 4882 
4883 4797 4786 4633 4188 4775 4065 4883 
4884 4797 4884 
4885 4797 4786 4633 3838 3979 4789 4704 3848 4885 
4886 4797 
4887 4797 
4888 4797 4775 3953 3979 4673 4653 4072 4888 
4889 4797 4786 4253 4659 4114 
4890 4797 4633 3838 3953 4789 4026 3938 4114 3992 4071 4890 
4891 4797 4463 4786 4745 4411 3979 3744 
4892 4797 4892 
4893 4797 4893 
4894 4797 4463 4786 4633 4547 4659 3938 4114 4644 3867 
4895 4797 4786 4253 4026 4193 4021 
4896 4797 4786 3838 4745 4230 
4897 4797 4463 4786 3838 3979 4600 3902 3747 4897 
4898 4797 4786 3838 3979 4334 3844 
4899 4797 4463 3938 4899 
4900 4797 3450 
4901 4797 4901 
4902 4797 2512 4902 
4903 4797 3450 3471 4903 
4904 4797 4786 4769 3838 4411 4904 
4905 4797 4786 4633 3838 4745 3953 4253 4334 4905 
4906 4797 4463 4786 4633 3838 3953 3979 3757 4600 4906 
4907 4797 4463 4786 4111 4633 3838 3885 3979 3757 4600 3848 3958 3902 4907 
4908 4797 4908 
4909 4797 4908 4463 4786 4633 3838 3979 3757 4600 3848 4909 
4910 4797 4786 4253 4193 4362 4114 4205 3992 4072 4594 4318 
4911 4797 4786 4633 4547 3838 4253 3979 3992 4911 
4912 4797 4254 4786 4633 4547 3838 3979 3848 3958 3902 
4913 4797 4786 3838 4913 
4914 4797 4914 
4915 4797 4786 3838 4253 3713 4915 
4916 4797 4916 
4917 4797 4463 4786 4633 4769 4065 3838 3953 3885 3848 3869 4061 4917 
4918 4797 
4919 4797 4786 4633 3660 3953 4774 4919 
4920 4797 4463 4633 4775 4065 3838 3519 4920 
4921 4797 1349 2104 
4922 4797 4922 
4923 4797 4922 4786 4600 
4924 4797 4924 
4925 4797 4786 4633 4712 3958 4925 
4926 4797 4786 4547 4677 4065 4026 4748 4926 
4927 4797 4884 3979 4072 4160 
4928 4797 4786 4775 4026 4363 4546 4362 4114 4928 
4929 4797 4786 3519 3398 
4930 4797 4930 
4931 4797 3660 3519 
4932 4797 4130 3660 4932 
4933 4797 3472 4241 
4934 4797 
4935 4797 3117 4640 3192 
4936 4797 4884 4463 4786 4111 4633 4769 4775 3838 4745 3953 4411 4936 
4937 4797 4786 4633 4188 4191 4130 4547 4065 3953 4676 3979 4731 3757 4712 4600 4937 
4938 4797 4463 4786 4633 4769 3838 3953 4659 4938 
4939 4797 4463 4633 4130 4677 3838 3953 4712 3713 3869 4939 
4940 4797 3396 4786 4300 4188 4130 4065 4664 3953 4940 
4941 4797 4463 4786 4111 4633 4188 4130 3838 4411 4941 
4942 4797 4463 1807 
4943 4797 890 529 330 348 
4944 4797 4944 
4945 4797 2360 2120 
4946 4797 4946 
4947 4797 
4948 4797 4948 
4949 4797 4949 
4950 4797 4786 4775 4253 3450 3519 3472 4950 
4951 4797 4191 
4952 4797 4558 4463 4786 4633 4188 4547 4677 4745 3953 4676 3885 4411 4731 4634 3757 4193 4952 
4953 4797 
4954 4797 4463 4786 4633 4188 4130 4677 4411 3979 4634 4954 
4955 4797 3202 3450 3472 
4956 4797 3396 4188 4693 4253 4712 4600 3270 4956 
4957 4797 4300 4188 4130 4775 4664 4253 3324 3270 4957 
4958 4797 4300 4188 4130 4065 4664 3953 4411 3324 3270 4958 
4959 4797 1495 
4960 4797 4191 3519 3308 4241 2681 2542 
4961 4797 3117 2713 2681 2629 
4962 4797 3660 4962 
4963 4797 4300 4188 4716 4664 3324 3270 4963 
4964 4797 3660 3324 
4965 4797 
4966 4797 2512 1613 
4967 4797 4893 4463 4188 3660 4065 4411 4673 4249 3270 4659 4967 
4968 4797 3202 2360 1678 
4969 4797 4300 4769 3660 4731 4108 3324 3270 3848 4681 4969 
4970 4797 
4971 4797 
4972 4797 3324 4972 
4973 4797 4300 3202 4716 3660 4253 3324 3308 4973 
4974 4797 
4975 4797 3660 3035 4664 4253 4731 4634 3757 3270 4659 4975 
4976 4797 3202 2725 3035 4976 
4977 4797 4300 3202 4977 
4978 4797 4978 
4979 4797 1686 974 
4980 4797 4300 2725 3885 4980 
4981 4797 4411 2622 2502 
4982 4797 4463 1284 
4983 4797 4111 2726 4736 4983 
4984 4797 2610 
4985 4797 1903 1625 
4986 4797 3124 
4987 4797 2774 2521 
4988 4797 
4989 4797 4300 3202 4191 2725 3308 
4990 4797 499 
4991 4797 
4992 4797 1424 
4993 4797 1497 
4994 4797 
4995 4797 3472 4995 
4996 4797 4769 3117 4061 4996 
4997 4797 2501 4997 
4998 4797 4998 
4999 4797 
5000 4797 4463 4411 5000 
5001 4797 
5002 4797 4300 3660 3117 
5003 4797 3660 3747 2984 
5004 4797 5004 
5005 4797 4111 2598 
5006 4797 4786 4745 2558 
5007 4797 3202 3885 
5008 4797 4655 689 
5009 4797 1807 2135 
5010 4797 5010 
5011 4797 1815 2762 
5012 4797 1785 
5013 4797 3202 
5014 4797 2726 
5015 4797 5015 
5016 4797 4111 5016 
5017 4797 2611 2292 
5018 4797 3117 3540 
5019 4797 4839 2374 
5020 4797 2584 4241 2594 2984 2435 
5021 4797 2617 2682 
5022 4797 5022 
5023 4797 4463 3202 4191 5023 
5024 4797 897 831 
5025 4797 
5026 4797 
5027 4797 5027 
5028 4797 
5029 4797 4111 2726 2524 2308 
5030 4797 2293 
5031 4797 1969 1851 1667 
5032 4797 4463 3202 2611 4411 2584 2512 3117 2501 2524 2617 3149 
5033 4797 3035 4664 3953 3094 5033 
5034 4797 4111 2726 
5035 4797 
5036 4797 2781 2594 
5037 4797 4463 4786 3202 2610 4191 4716 4065 3885 4731 5037 
5038 4797 4302 1527 
5039 4797 
5040 4797 4300 3202 2628 
5041 4797 
5042 4797 3202 1851 
5043 4797 1293 
5044 4797 4463 4111 2141 
5045 4797 4786 3035 2381 2584 2501 3713 3094 4736 2913 
5046 4797 5046 
5047 4797 3202 2584 5047 
5048 4797 2713 4012 
5049 4797 303 
5050 4797 
5051 4797 3202 4111 2725 2726 
5052 4797 1853 5052 
5053 4797 652 
5054 4797 2664 
5055 4797 2610 1807 1497 974 
5056 4797 
5057 4797 303 306 
5058 4797 4463 4677 
5059 4797 1807 
5060 4797 4111 4716 5060 
5061 4797 3396 2501 3094 2622 5061 
5062 4797 4300 1965 
5063 4797 3202 2725 5063 
5064 4797 4786 4300 3202 4111 2728 2376 2381 2726 4681 5064 
5065 4797 
5066 4797 2098 5066 
5067 4797 4463 4111 2726 1903 5067 
5068 4797 4080 
5069 4797 4111 5069 
5070 4797 2375 2398 
5071 4797 3202 4111 1997 2456 
5072 4797 3202 
5073 4797 4241 4334 2017 
5074 4797 4300 3202 2725 5074 
5075 4797 4111 2725 5075 
5076 4797 3202 2376 2725 5076 
5077 4797 4111 2376 2375 
5078 4797 4693 2726 
5079 4797 4300 4111 4188 3002 2725 2726 4363 2360 2584 5079 
5080 4797 
5081 4797 5081 
5082 4797 4463 3202 4111 1807 4191 4716 5082 
5083 4797 3396 4463 4300 3202 4111 4188 4191 4130 3660 4065 4664 5083 
5084 4797 3202 4191 4769 3660 4634 5084 
5085 4797 3202 3660 3450 3938 5085 
5086 4797 2598 2308 
5087 4797 4786 3308 3471 5087 
5088 4797 4253 3471 5088 
5089 4797 5089 
5090 4797 4786 3660 4065 3869 4061 5090 
5091 4797 4188 3472 3471 3409 3306 
5092 4797 4463 4786 4300 4188 4130 4769 4716 4065 3953 3757 4363 3450 5092 
5093 4797 1807 1853 
5094 4797 2610 2611 
5095 4797 5095 
5096 4797 3202 3660 2725 5096 
5097 4797 4111 2622 
5098 4797 4111 2725 5098 
5099 4797 4300 2611 1969 2752 
5100 4797 1807 4716 5100 
5101 4797 
5102 4797 1851 2120 2212 
5103 4797 4558 4111 2728 2726 2360 5103 
5104 4797 
5105 4797 4786 4300 3202 4111 1807 4633 2728 4769 2376 3660 1815 2725 3035 5105 
5106 4797 4300 3202 4111 2725 5106 
5107 4797 3035 2360 2584 2501 5107 
5108 4797 2726 5108 
5109 4797 2646 4300 3202 5109 
5110 4797 4558 4111 2728 3002 2725 2726 5110 
5111 4797 1497 2725 5111 
5112 4797 4463 2610 1807 2512 1418 
5113 4797 4111 1678 
5114 4797 1969 5114 
5115 4797 4166 
5116 4797 2098 1669 1786 
5117 4797 
5118 4797 5118 
5119 4797 5119 
5120 4797 4463 4300 4111 1807 2728 3035 4712 5120 
5121 4797 2357 
5122 4797 3202 4111 5122 
5123 4797 4463 4786 4300 2728 2376 4716 3035 5123 
5124 4797 1807 1742 
5125 4797 4463 5125 
5126 4797 
5127 4797 934 
5128 4797 2610 
5129 4797 4463 
5130 4797 5130 
5131 4797 4463 1807 4716 5131 
5132 4797 
5133 4797 4463 3202 2610 4716 5133 
5134 4797 5134 
5135 4797 5134 1853 1266 
5136 4797 4300 3202 2728 1853 4363 1678 5136 
5137 4797 3202 4693 5137 
5138 4797 1807 1853 1678 5138 
5139 4797 2610 1283 3587 
5140 4797 5140 
5141 4797 3202 2610 2042 5141 
5142 4797 
5143 4797 4463 4300 3202 2610 1807 2728 1815 4693 2381 2512 5143 
5144 4797 4463 4300 3202 2610 1807 2728 2611 2381 5144 
5145 4797 
5146 4797 1686 2728 3810 5146 
5147 4797 5147 
5148 4797 4463 3202 4111 2610 2728 2512 5148 
5149 4797 3202 1807 2725 1678 2512 5149 
5150 4797 4463 3202 1807 1678 5150 
5151 4797 4300 3202 1807 2728 4188 1815 4664 2381 4363 5151 
5152 4797 4463 4300 3202 1807 2728 4188 1815 4664 2611 2381 1678 1903 5152 
5153 4797 1678 
5154 4797 
5155 4797 4463 1807 2728 4188 4716 1815 5155 
5156 4797 3202 1815 3002 2725 1625 3481 
5157 4797 4716 1801 
5158 4797 3202 2728 4769 1815 4775 3002 2725 2611 5158 
5159 4797 1815 1903 5159 
5160 4797 4463 4300 3202 2610 1807 2728 1497 4716 1815 4693 2381 5160 
5161 4797 4786 4300 3202 2728 2376 3660 3035 5161 
5162 4797 1853 2781 
5163 4797 5163 
5164 4797 4111 2610 2611 1785 
5165 4797 
5166 4797 1424 5166 
5167 4797 1807 1553 
5168 4797 2610 2042 1553 5168 
5169 4797 4463 4111 2610 1283 5169 
5170 4797 4463 1807 
5171 4797 3396 4463 4300 3202 4111 2610 1807 2728 1497 2376 4716 4775 2381 5171 
5172 4797 4463 4300 3202 4111 1807 2728 4188 1497 4716 2381 2360 1678 5172 
5173 4797 5173 
5174 4797 2376 890 971 577 
5175 4797 4130 889 964 922 5175 
5176 4797 1807 1667 1164 
5177 4797 893 890 971 5177 
5178 4797 4130 
5179 4797 
5180 4797 1686 4300 3202 2610 1807 2728 1497 3002 1681 4253 5180 
5181 4797 1807 2104 
5182 4797 4463 5182 
5183 4797 1715 
5184 4797 303 5184 
5185 4797 4130 228 5185 
5186 4797 893 890 971 922 734 
5187 4797 4130 1689 5187 
5188 4797 4130 1681 4681 
5189 4797 3202 1807 1497 2611 1681 1689 4655 3753 5189 
5190 4797 4463 2725 1853 850 4165 
5191 4797 4463 2610 5191 
5192 4797 4463 4300 3202 2610 1807 1497 2376 1997 4681 5192 
5193 4797 2610 1497 2376 4693 4411 1340 986 2360 5193 
5194 4797 4463 2610 2728 4188 1497 4716 4693 3035 1349 2360 5194 
5195 4797 
5196 4797 5196 
5197 4797 5197 
5198 4797 5197 
5199 4797 1705 616 
5200 4797 2610 4411 1997 1338 
5201 4797 2610 1997 1853 1283 5201 
5202 4797 4463 3202 1853 4284 3810 5202 
5203 4797 2610 4633 1853 
5204 4797 1807 2725 1282 
5205 4797 3202 4111 2610 1807 1853 5205 
5206 4797 4463 
5207 4797 1686 2610 2611 1349 2360 2042 2781 1553 2450 
5208 4797 4463 2610 1807 1997 1283 4284 5208 
5209 4797 
5210 4797 1807 974 5210 
5211 4797 
5212 4797 1686 4655 974 897 1185 
5213 4797 4463 3202 4677 2725 1997 1853 986 1023 
5214 4797 1008 
5215 4797 878 
5216 4797 1497 974 1106 
5217 4797 4463 1997 850 849 
5218 4797 4463 1807 974 
5219 4797 2725 
5220 4797 1807 1188 
5221 4797 1686 5221 
5222 4797 4463 2610 1807 5222 
5223 4797 4463 2728 5223 
5224 4797 964 986 
5225 4797 986 
5226 4797 964 228 
5227 4797 228 114 
5228 4797 1757 488 
5229 4797 5229 
5230 4797 1807 964 
5231 4797 2610 893 889 971 598 
5232 4797 889 598 2375 1040 
5233 4797 889 1299 
5234 4797 1807 4130 1681 1689 1675 
5235 4797 4463 4677 2611 3263 
5236 4797 4463 4300 3202 2610 1807 2728 2376 4693 4065 3002 1997 5236 
5237 4797 
5238 4797 4463 4300 3202 2610 1807 1497 2376 1681 1997 5238 
5239 4797 2610 1853 
5240 4797 4463 1853 2042 
5241 4797 
5242 4797 4130 890 488 691 
5243 4797 893 964 487 
5244 4797 971 1705 1040 
5245 4797 
5246 4797 4111 2610 893 889 1689 5246 
5247 4797 2611 4655 1283 5247 
5248 4797 
5249 4797 2610 4769 2611 1681 889 1340 4636 1324 1444 
5250 4797 4677 979 954 
5251 4797 4463 2610 1807 1497 1681 5251 
5252 4797 1686 4463 4300 2610 1807 4188 1497 2376 4716 4677 4693 3002 2381 4673 2360 5252 
5253 4797 4463 4300 1807 2728 4188 2376 3002 1681 1997 1340 5253 
5254 4797 4463 2610 1807 2728 4677 1681 1997 4249 5254 
5255 4797 4300 2610 4188 1497 4769 2376 3002 1349 2381 1340 4249 5255 
5256 4797 2963 
5257 4797 2610 4677 893 890 889 971 632 5257 
5258 4797 1497 1016 
5259 4797 4300 2610 1807 4716 4677 893 889 1340 5259 
5260 4797 4463 893 1349 5260 
5261 4797 4463 1497 2376 893 889 1689 5261 
5262 4797 1424 
5263 4797 2375 5263 
5264 4797 1757 600 
5265 4797 3660 1705 1757 
5266 4797 1705 
5267 4797 
5268 4797 1686 1497 4677 3002 1681 1340 5268 
5269 4797 3202 2610 1340 1678 2042 3753 5269 
5270 4797 2610 1997 4655 974 5270 
5271 4797 628 
5272 4797 986 5272 
5273 4797 2070 
5274 4797 
5275 4797 890 3615 
5276 4797 4463 4300 2610 1807 1497 2376 1997 5276 
5277 4797 4463 4188 1497 4065 4664 2611 1349 1997 4634 1340 2360 4655 5277 
5278 4797 5278 
5279 4797 5278 4300 1807 4769 2376 893 890 889 5279 
5280 4797 4300 1807 1497 4769 2376 893 889 971 5280 
5281 4797 5281 
5282 4797 4463 628 971 986 3810 
5283 4797 4463 4300 2610 4130 1497 4693 893 3002 2725 5283 
5284 4797 893 890 598 5284 
5285 4797 1497 893 628 1689 1340 5285 
5286 4797 2610 4188 1497 4677 893 890 1689 964 5286 
5287 4797 893 890 971 557 2235 
5288 4797 533 
5289 4797 4463 889 1689 4681 1757 4534 5289 
5290 4797 5290 
5291 4797 890 
5292 4797 922 863 
5293 4797 
5294 4797 5294 
5295 4797 5295 
5296 4797 5296 
5297 4797 2104 5297 
5298 4797 2104 
5299 4797 5299 
5300 4797 5300 
5301 4797 5301 
5302 4797 
5303 4797 964 986 2189 5303 
5304 4797 986 2189 
5305 4797 
5306 4797 1497 628 643 1689 5306 
5307 4797 2610 628 1689 986 632 4534 5307 
5308 4797 4130 893 890 889 731 3737 
5309 4797 4300 1807 4769 2376 893 889 1689 5309 
5310 4797 529 348 3876 
5311 4797 805 
5312 4797 4463 4300 1807 1497 1815 2725 1349 628 643 5312 
5313 4797 1705 5313 
5314 4797 5314 
5315 4797 231 
5316 4797 4463 4191 4130 4693 628 5316 
5317 4797 2610 893 2725 986 4655 632 5317 
5318 4797 2189 4636 5318 
5319 4797 4463 1815 628 5319 
5320 4797 1815 5320 
5321 4797 2189 303 5321 
5322 4797 4191 4130 1815 628 5322 
5323 4797 4191 1815 628 5323 
5324 4797 4191 632 2189 1272 
5325 4797 4191 1815 628 1681 2381 1689 5325 
5326 4797 4463 4191 1349 628 5326 
5327 4797 2189 724 
5328 4797 4191 3002 628 5328 
5329 4797 4300 4191 628 2381 5329 
5330 4797 3396 4111 4130 5330 
5331 4797 986 2189 303 228 330 
5332 4797 4463 4300 628 643 1689 1903 5332 
5333 4797 341 
5334 4797 4300 1815 1349 643 529 964 5334 
5335 4797 4300 1815 4676 628 529 5335 
5336 4797 4300 1815 643 5336 
5337 4797 282 
5338 4797 4300 4130 893 643 529 5338 
5339 4797 4300 1815 4677 643 529 5339 
5340 4797 964 632 4534 5340 
5341 4797 
5342 4797 4300 4130 1349 890 643 529 4673 1283 922 1705 5342 
5343 4797 4677 
5344 4797 4463 4300 4130 4677 4693 890 643 529 5344 
5345 4797 4300 4130 628 643 529 5345 
5346 4797 4130 3002 632 2189 303 5346 
5347 4797 4463 4191 1815 4693 4745 628 5347 
5348 4797 4463 4191 1815 628 1689 5348 
5349 4797 4191 1815 5349 
5350 4797 964 986 3810 298 
5351 4797 628 643 5351 
5352 4797 4463 4300 1815 628 643 5352 
5353 4797 529 1689 4712 986 5353 
5354 4797 4300 643 529 1340 5354 
5355 4797 529 1731 
5356 4797 4463 4191 628 1689 5356 
5357 4797 4463 628 890 1689 971 5357 
5358 4797 529 986 1669 
5359 4797 4463 4300 1497 893 628 643 529 5359 
5360 4797 4463 2610 4188 4130 1497 4716 628 889 1340 1757 5360 
5361 4797 4130 893 643 964 5361 
5362 4797 5281 1807 4130 4769 4677 893 2611 1349 1681 890 889 1340 964 5362 
5363 4797 4463 4300 3202 2610 1807 1497 2376 4677 4065 893 2611 1349 889 1283 5363 
5364 4797 893 964 1903 5364 
5365 4797 4463 4300 3202 2610 1807 893 1681 889 964 971 1903 922 5365 
5366 4797 4463 4300 2610 1807 4130 1497 4677 4065 2611 1349 1681 889 964 922 5366 
5367 4797 3202 2610 1497 893 1681 5367 
5368 4797 4463 4677 1681 1903 3753 5368 
5369 4797 4300 2610 1497 1815 628 890 643 529 1340 5369 
5370 4797 4463 4191 628 2381 1689 5370 
5371 4797 4191 1815 628 5371 
5372 4797 4463 5372 
5373 4797 5301 4130 2104 5373 
5374 4797 4191 1815 4677 628 1681 5374 
5375 4797 4463 4191 1815 628 1681 5375 
5376 4797 4300 4191 4677 1349 628 5376 
5377 4797 5377 
5378 4797 4300 4716 643 529 5378 
5379 4797 4463 4300 4130 4693 893 1349 2381 890 971 4681 5379 
5380 4797 4978 4463 4300 2610 1807 1497 2376 4693 4065 893 2611 1681 890 889 5380 
5381 4797 1686 4463 4300 3202 2610 1807 1497 2376 4716 4677 2725 1349 1681 1997 1340 2360 4655 5381 
5382 4797 4463 2360 4655 979 980 
5383 4797 4664 1678 5383 
5384 4797 4463 3202 4111 2610 1807 4633 2728 4188 1497 1815 3002 4664 2611 5384 
5385 4797 5290 4300 4191 4130 4677 893 1349 643 529 5385 
5386 4797 4130 1497 893 890 557 
5387 4797 
5388 4797 4463 5388 
5389 4797 4300 4677 643 529 5389 
5390 4797 5229 4300 4130 4677 893 643 529 5390 
5391 4797 5015 4463 4300 2728 4677 893 1349 643 529 5391 
5392 4797 1497 1681 964 1324 
5393 4797 104 
5394 4797 4463 4300 890 643 529 964 5394 
5395 4797 5395 
5396 4797 2610 4188 4130 1497 2376 893 2611 628 890 889 1689 971 5396 
5397 4797 4463 4300 2610 1807 1497 2376 4677 1681 986 1903 5397 
5398 4797 4463 1807 2376 971 4655 3753 5398 
5399 4797 5399 
5400 4797 1686 4254 4300 2610 5400 
5401 4797 4463 2610 4130 1497 3002 2725 2381 5401 
5402 4797 1686 4463 4300 4130 1497 1815 4677 893 1349 628 1681 2381 890 643 529 1689 964 971 986 5402 
5403 4797 5403 
5404 4797 5403 4463 4786 4300 3202 2610 4130 2611 1349 1681 4655 5404 
5405 4797 
5406 4797 1323 
5407 4797 1349 598 461 
5408 4797 4463 3202 2610 1807 1497 3002 2611 1349 1681 890 889 964 5408 
5409 4797 4463 3202 2610 1497 1681 1340 5409 
5410 4797 5410 
5411 4797 5410 4300 1807 2376 893 890 889 971 5411 
5412 4797 4655 
5413 4797 4463 1807 4633 971 974 5413 
5414 4797 4463 4300 1815 628 643 964 5414 
5415 4797 4300 628 986 5415 
5416 4797 4463 4786 4300 2610 1807 1497 4769 2376 4693 5416 
5417 4797 4463 2610 1997 5417 
5418 4797 1497 4677 1349 1997 986 2512 5418 
5419 4797 4463 2610 1497 893 3002 1349 1681 1997 4249 2360 5419 
5420 4797 1853 
5421 4797 4463 4786 4300 2610 1807 1497 4677 4065 1349 4411 4253 971 5421 
5422 4797 1686 4463 3202 2610 2728 4188 4130 1497 4716 4677 3035 1681 5422 
5423 4797 986 303 228 5423 
5424 4797 5424 
5425 4797 4463 4300 3202 2610 1497 4677 893 2611 2381 890 1853 5425 
5426 4797 4463 3202 1807 4716 4677 4693 1349 4411 1997 4284 5426 
5427 4797 4463 4300 4677 1349 5427 
5428 4797 4300 2610 4633 4677 5428 
5429 4797 1686 4463 4300 2610 1807 1497 2376 1815 4677 1349 1681 1997 2360 5429 
5430 4797 893 890 971 5430 
5431 4797 4463 3202 4111 2610 2728 1997 4284 5431 
5432 4797 4300 2381 643 5432 
5433 4797 
5434 4797 1686 4463 4300 3202 4111 2610 1807 2728 1497 2376 4716 2611 1349 1681 5434 
5435 4797 4300 4130 529 5435 
5436 4797 1686 4463 4300 3202 2610 2728 1497 2376 4677 1349 4411 1997 1340 5436 
5437 4797 2610 4716 922 5437 
5438 4797 1969 2098 1682 
5439 4797 5163 3202 4111 2610 1807 2728 4188 1497 4764 1853 1340 5439 
5440 4797 1686 4463 4300 3202 4111 2610 1807 2728 2376 4731 1283 5440 
5441 4797 5010 4463 3202 4111 2610 1853 4061 5441 
5442 4797 1686 4463 3202 4111 2610 1807 2728 4188 1497 4716 4065 2381 4253 4363 5442 
5443 4797 4463 3202 2610 2728 4188 1497 4693 1681 2381 5443 
5444 4797 1853 
5445 4797 4300 1807 5445 
5446 4797 4300 4633 643 529 632 5446 
5447 4797 1686 4130 4677 893 5447 
5448 4797 4463 4300 2610 1807 2376 1997 1340 986 5448 
5449 4797 1686 4463 4300 2610 1807 1497 2376 4677 1349 1997 1340 5449 
5450 4797 
5451 4797 2512 
5452 4797 5452 
5453 4797 5453 
5454 4797 5453 893 2725 890 889 971 1757 598 731 805 
5455 4797 5455 
5456 4797 5455 4300 4111 1815 5456 
5457 4797 5455 5130 4300 893 4664 2381 643 529 5457 
5458 4797 4463 4111 5458 
5459 4797 4463 4111 2610 2728 2512 5459 
5460 4797 1686 2610 5460 
5461 4797 5424 4463 3202 2610 1807 2728 2376 5461 
5462 4797 4463 3202 4111 2610 1807 2728 1497 2376 4716 5462 
5463 4797 4463 4300 3202 2610 1807 2728 2376 1815 4764 1853 5463 
5464 4797 2594 
5465 4797 3202 2610 1807 4188 1497 4716 3002 1349 1997 1340 5465 
5466 4797 1686 4463 4300 3202 2610 1807 2728 4130 1497 4677 4693 5466 
5467 4797 4463 4300 2610 1497 5467 
5468 4797 1686 4111 2610 1807 1497 2376 3002 3035 2611 1349 2381 5468 
5469 4797 5469 
5470 4797 4463 4786 4300 3202 1807 4633 2728 2376 3660 1815 3035 5470 
5471 4797 4111 2728 2725 1851 3193 
5472 4797 4786 4633 4188 4769 4065 3885 4731 4634 5472 
5473 4797 1686 5469 4463 4300 3202 4111 2610 1807 2728 2376 4716 5473 
5474 4797 1686 4463 4300 2610 1807 4188 1497 4769 2376 4693 4411 1997 4634 1340 4655 5474 
5475 4797 2728 4191 5475 
5476 4797 5118 4786 4300 3202 1807 2728 2376 1815 5476 
5477 4797 2261 
5478 4797 4463 4786 4300 3202 4111 1807 4633 2728 2376 1815 4065 3035 5478 
5479 4797 1807 2725 1853 2360 1678 1903 
5480 4797 4254 2610 1497 1853 5480 
5481 4797 1686 4463 3202 4111 2610 1807 2728 1497 2376 4716 5481 
5482 4797 4463 4300 4716 1903 5482 
5483 4797 4463 4300 1815 893 643 529 1689 5483 
5484 4797 2610 4130 4716 4673 1689 5484 
5485 4797 5119 4300 3202 4111 2610 1807 2728 2376 4716 1815 1681 3885 2381 5485 
5486 4797 1448 
5487 4797 4300 1807 1815 4677 1349 890 643 529 1689 1678 1903 5487 
5488 4797 1807 964 971 621 
5489 4797 4300 3202 4111 1807 2728 4188 1815 4693 4664 5489 
5490 4797 
5491 4797 1815 2104 2781 
5492 4797 1969 
5493 4797 
5494 4797 3202 5494 
5495 4797 5495 
5496 4797 5495 4300 3202 4111 2728 2376 5496 
5497 4797 1349 4411 890 2098 896 1299 
5498 4797 5498 
5499 4797 5498 4463 3202 2610 2728 3660 5499 
5500 4797 5500 
5501 4797 1686 5140 4111 2610 1497 4693 5501 
5502 4797 5452 4463 4300 3202 2610 1807 2728 5502 
5503 4797 3202 4111 1807 2728 4188 4769 4716 3002 5503 
5504 4797 4300 3202 4111 2610 1807 2728 2376 4716 2611 5504 
5505 4797 4463 4300 3202 2610 1807 2728 1815 2611 2381 4764 5505 
5506 4797 4111 1807 2728 4188 1815 1678 5506 
5507 4797 4558 4463 4786 3202 4111 2728 4769 2376 3035 2611 2726 5507 
5508 4797 2646 4786 4300 3202 4111 4191 2376 3035 4664 4411 5508 
5509 4797 4463 4191 4693 5509 
5510 4797 5510 
5511 4797 228 5511 
5512 4797 4842 4463 2610 1807 4191 5512 
5513 4797 4111 1807 2728 3660 3035 2381 1997 1853 5513 
5514 4797 4463 4300 3202 4111 2728 4769 2376 3002 3035 4664 2381 3270 5514 
5515 4797 4463 4786 4300 3202 4111 2728 4188 4673 5515 
5516 4797 4558 5500 4300 3002 2726 4712 5516 
5517 4797 3002 2726 2501 2781 2913 
5518 4797 4111 4253 2726 4241 2524 2774 
5519 4797 4254 4300 3202 2728 2376 4716 4693 3002 3035 4664 3885 4411 5519 
5520 4797 4786 3202 4111 2376 3002 2725 4664 2726 5520 
5521 4797 4111 2611 2726 3869 2913 
5522 4797 
5523 4797 4463 4300 3202 2610 1807 1497 2376 4677 3002 1349 1681 1997 4649 1340 971 5523 
5524 4797 4786 3202 4111 4188 4065 3002 3885 4411 4363 5524 
5525 4797 4558 3396 4786 4300 3202 4111 2728 2376 2725 3035 4664 4411 5525 
5526 4797 3396 4786 4300 3202 4111 2728 2376 3002 3324 5526 
5527 4797 2646 4786 4300 3202 4111 2728 4769 2376 3002 5527 
5528 4797 4786 4300 3202 4111 1807 2728 2376 3660 4065 2725 3035 2611 5528 
5529 4797 4463 4130 1815 4677 5529 
5530 4797 4463 3202 2728 4188 4716 1815 4693 3002 4664 2611 2381 5530 
5531 4797 4463 4111 4071 2179 
5532 4797 3202 2360 4659 5532 
5533 4797 4463 4300 3202 4111 2610 1807 1497 893 2611 1681 5533 
5534 4797 2610 4130 893 889 1729 
5535 4797 4463 3202 4111 2610 2728 4188 1497 2376 4716 5535 
5536 4797 1686 4300 4111 2610 1807 2728 1497 2376 4664 1681 5536 
5537 4797 2050 
5538 4797 4300 3202 2610 1807 2728 4188 3002 2381 5538 
5539 4797 4463 4786 4300 3202 4111 1807 2728 2376 3660 1815 2725 3035 1997 5539 
5540 4797 4300 2610 1807 1497 2376 4716 4677 893 2725 1349 890 5540 
5541 4797 4300 1807 2376 4677 893 2381 890 889 964 5541 
5542 4797 4786 4300 3202 4111 2728 4191 3035 2611 2381 5542 
5543 4797 4463 4300 4111 2610 2728 4188 1815 2381 2726 5543 
5544 4797 4111 4664 2726 4026 4193 5544 
5545 4797 4111 4241 2622 2314 
5546 4797 4786 4300 4111 4188 4065 3002 3035 4664 2726 2584 5546 
5547 4797 4786 4300 3035 4664 2726 5547 
5548 4797 4786 3202 2610 4191 3660 3002 3885 5548 
5549 4797 4786 3202 4191 4065 3002 4664 4673 5549 
5550 4797 4463 4300 3202 4191 2584 5550 
5551 4797 3396 4463 4786 3202 4191 2725 3035 5551 
5552 4797 4916 4463 4786 3202 4191 3035 4664 3885 2584 5552 
5553 4797 4786 2610 3660 2725 2611 4411 5553 
5554 4797 4892 4786 3885 4253 4600 3519 3308 4334 5554 
5555 4797 5555 
5556 4797 5555 4111 4769 2611 2726 5556 
5557 4797 4111 3002 2726 5557 
5558 4797 4300 3202 4111 2728 2376 3035 2360 3270 5558 
5559 4797 4786 4300 3202 4111 2728 4769 2376 3002 4664 3885 4411 5559 
5560 4797 4463 4786 4300 3202 4111 2610 1807 2728 4716 5560 
5561 4797 4463 4300 3202 4111 1807 2728 2376 1815 5561 
5562 4797 1853 2360 2099 2361 
5563 4797 4191 4716 1815 5563 
5564 4797 4664 4731 3324 3270 4644 3094 5564 
5565 4797 
5566 4797 3660 4731 4712 3450 5566 
5567 4797 4769 3660 3324 3472 5567 
5568 4797 3202 4111 4769 4716 4775 3002 2726 2584 5568 
5569 4797 5022 4786 3202 4191 4716 3660 4693 2725 3953 5569 
5570 4797 4786 3202 4111 4188 4191 3002 4664 5570 
5571 4797 4463 4300 3202 4111 1807 2728 4191 4769 2376 3035 4664 5571 
5572 4797 5572 
5573 4797 4786 2584 5573 
5574 4797 4716 2584 2501 3094 5574 
5575 4797 2646 4300 3202 4111 3035 4664 4745 2611 2381 2726 5575 
5576 4797 4736 
5577 4797 2501 2416 
5578 4797 3202 4191 4065 3002 3885 4634 5578 
5579 4797 3396 4300 3202 3660 4775 4693 3002 4664 5579 
5580 4797 4300 3202 4191 4716 4634 4748 3117 4644 5580 
5581 4797 4300 3202 4188 4191 4130 4716 4664 4634 4673 5581 
5582 4797 5582 
5583 4797 5583 
5584 4797 5583 4463 4786 4300 3202 5584 
5585 4797 3450 3117 3308 5585 
5586 4797 4130 890 4253 4681 3519 3471 3409 948 
5587 4797 5134 4786 4300 1815 2725 4676 4193 5587 
5588 4797 5399 4463 4300 3202 4111 1807 2728 4188 4769 5588 
5589 4797 4558 4786 4300 3202 4188 4716 4775 3002 3035 2611 3885 4781 4253 2726 5589 
5590 4797 4300 3202 4191 3660 4634 5590 
5591 4797 5591 
5592 4797 4558 3396 4463 4300 4111 2728 4188 4191 5592 
5593 4797 4463 4786 4300 4111 2728 4693 2725 2726 5593 
5594 4797 4463 4786 4300 3202 4111 1807 4633 2728 4188 4191 4130 4769 2376 5594 
5595 4797 4463 4300 3202 4633 4188 4191 4130 4769 3660 5595 
5596 4797 3202 4191 3660 4634 5596 
5597 4797 4930 3324 5597 
5598 4797 4558 2646 4463 4786 4300 3202 4111 2728 4716 3035 4664 2611 5598 
5599 4797 4300 3202 3308 3472 5599 
5600 4797 4300 4769 3660 4664 4745 3953 4731 3757 4108 4363 3324 3270 5600 
5601 4797 5601 
5602 4797 3396 5582 4463 4786 4300 5602 
5603 4797 5603 
5604 4797 2598 2713 4262 
5605 4797 4786 3202 4191 4769 3035 4664 3885 5605 
5606 4797 3396 4786 3202 3035 2611 5606 
5607 4797 3396 4300 3202 4191 4130 4065 3035 4664 4634 4363 5607 
5608 4797 5081 4463 4786 3202 4191 4130 3035 4634 4712 5608 
5609 4797 3396 5046 4463 4786 4300 3202 4111 4188 4769 2376 4693 3002 2725 3035 3885 5609 
5610 4797 4300 3202 4191 4130 3660 3035 3953 5610 
5611 4797 3396 3202 4191 4130 3660 4634 5611 
5612 4797 4300 4188 4130 4769 3660 4664 3953 4253 4731 5612 
5613 4797 4786 3202 4191 2725 4664 3953 4712 4193 2584 5613 
5614 4797 
5615 4797 4786 4300 4188 4130 3953 5615 
5616 4797 5616 
5617 4797 4463 4300 3202 4191 4130 4716 3885 4634 5617 
5618 4797 4253 3324 5618 
5619 4797 4130 3270 5619 
5620 4797 4924 5601 4463 4716 4775 4411 5620 
5621 4797 4463 4786 1807 4633 4188 1497 3660 4677 4065 1681 4634 1340 3757 2512 5621 
5622 4797 4786 3519 3958 4205 5622 
5623 4797 4731 3757 3270 5623 
5624 4797 4786 4300 4065 3953 4108 3992 5624 
5625 4797 4786 4633 4065 3838 4411 3757 4108 4363 5625 
5626 4797 4786 4769 4249 3713 5626 
5627 4797 5627 
5628 4797 5627 3660 
5629 4797 3202 4191 3308 5629 
5630 4797 4463 4300 3202 4191 3660 3308 3869 5630 
5631 4797 4300 3202 5631 
5632 4797 5572 4300 3202 4191 4716 3660 5632 
5633 4797 3396 4786 4300 3202 4188 4191 4769 3660 4693 3002 4745 3885 4673 4600 3324 5633 
5634 4797 4786 4775 4745 4653 3270 5634 
5635 4797 4463 4786 3202 4111 2610 1807 2728 4191 3885 4253 4249 3450 5635 
5636 4797 4254 4463 4786 1807 4775 5636 
5637 4797 3660 3324 5637 
5638 4797 3270 5638 
5639 4797 3660 3938 3308 5639 
5640 4797 4463 4786 4188 3885 3450 3519 5640 
5641 4797 4786 3660 4676 3885 4253 3757 3450 3471 4061 5641 
5642 4797 4633 4188 4775 4634 4193 5642 
5643 4797 4786 4633 4188 4769 3953 3885 4253 4649 3450 3519 3992 5643 
5644 4797 3396 4786 4633 4188 4130 4769 3953 4411 4634 3757 3450 5644 
5645 4797 4949 4786 4716 5645 
5646 4797 4463 4786 4633 3838 5646 
5647 4797 4254 4716 3660 3002 2725 4745 2611 4411 5647 
5648 4797 5627 4463 4786 4300 3202 4111 2728 3035 3885 5648 
5649 4797 4463 4300 3660 3002 2725 4664 3885 2584 5649 
5650 4797 4463 4786 4300 4188 4769 3953 4411 4712 4193 3324 3270 5650 
5651 4797 4786 4188 4130 3660 4065 4249 3324 5651 
5652 4797 4300 3202 4191 4130 4769 4716 3660 4065 3035 5652 
5653 4797 5653 
5654 4797 
5655 4797 4463 4786 4633 4188 4065 3757 5655 
5656 4797 4463 4786 4633 4065 3979 4673 5656 
5657 4797 4463 4786 4300 4769 4402 4753 4708 5657 
5658 4797 4463 4786 4769 3838 3953 4411 5658 
5659 4797 4463 4786 4300 4130 4769 4547 4677 3838 3953 4411 3979 3848 4402 3713 5659 
5660 4797 4463 4786 4111 4633 3838 4108 3848 4072 5660 
5661 4797 4463 3660 3270 3472 4261 3691 
5662 4797 4726 4786 5662 
5663 4797 4786 4633 4130 4065 3838 4745 4363 3713 5663 
5664 4797 4786 4188 4191 4781 4673 3757 5664 
5665 4797 5665 
5666 4797 5665 4300 4130 4716 4108 3324 3270 4774 5666 
5667 4797 5665 4254 4463 4786 4633 4547 3838 4704 3848 5667 
5668 4797 4633 4065 4634 3519 5668 
5669 4797 4463 4786 4130 3838 3953 4411 3979 3757 4659 4402 3938 3958 3713 3869 5669 
5670 4797 4786 4633 4130 4769 3953 4649 4193 4546 4362 5670 
5671 4797 4463 4786 4111 4633 4547 4065 4249 5671 
5672 4797 4633 4547 4676 4354 4531 5672 
5673 4797 4633 4547 4649 4354 4302 4708 5673 
5674 4797 4908 4463 4786 4633 3838 3979 3757 4600 3848 3869 5674 
5675 4797 4463 4786 3202 4111 4191 3660 4677 3838 4253 4634 5675 
5676 4797 5676 
5677 4797 5676 4726 4901 4745 5677 
5678 4797 4300 3202 4191 3660 4065 4664 4634 3324 5678 
5679 4797 4786 4633 4769 4065 3838 3953 3885 3979 3757 4600 3848 4753 3958 5679 
5680 4797 5680 
5681 4797 4786 4300 4188 4191 4769 3953 3757 3450 5681 
5682 4797 4786 3450 5682 
5683 4797 4786 4300 4633 4188 4130 4769 5683 
5684 4797 4786 4111 4633 4188 3953 5684 
5685 4797 4463 4786 4300 4130 4769 4547 4065 3838 3885 4411 5685 
5686 4797 5686 
5687 4797 4786 4769 3838 3953 3848 4681 4659 4205 3810 5687 
5688 4797 4786 4633 3848 4784 4159 
5689 4797 5680 5089 4463 4786 4300 3202 5689 
5690 4797 4600 3519 3869 5690 
5691 4797 5691 
5692 4797 5691 4463 4786 4633 4547 3838 4745 3979 4600 4653 3848 4774 5692 
5693 4797 5693 
5694 4797 4463 4547 4693 4745 4649 4712 4193 4249 5694 
5695 4797 4463 4633 4673 4026 4249 3938 4114 4705 5695 
5696 4797 4463 4786 4111 4633 3979 4673 4026 4108 3902 5696 
5697 4797 4786 4633 4775 4065 3838 4745 3757 4659 5697 
5698 4797 4786 4111 3838 3885 3757 4659 5698 
5699 4797 4463 4786 4300 4633 4775 3838 3979 4026 4600 4108 4363 3848 5699 
5700 4797 4463 4191 4716 4775 4634 5700 
5701 4797 4786 4111 4633 4731 4649 4026 4108 4363 4659 4774 4753 5701 
5702 4797 4111 3002 2726 4108 4193 2584 3519 5702 
5703 4797 4786 3838 4781 4253 4193 5703 
5704 4797 4786 4111 4633 4547 4731 5704 
5705 4797 4786 4633 4705 4071 5705 
5706 4797 4786 4769 4547 4693 4065 4649 4108 4363 4402 5706 
5707 4797 4463 4786 4633 4021 4072 5707 
5708 4797 4786 4633 4188 4775 3885 4781 4673 5708 
5709 4797 1686 4463 4786 3202 2610 1807 2728 4188 2376 4547 3838 2381 4026 5709 
5710 4797 4463 4786 4300 3202 4633 4188 4191 4130 4769 5710 
5711 4797 4463 4786 4769 4547 3838 4411 3979 4402 3958 3713 4061 5711 
5712 4797 4786 4633 4188 4775 4065 4253 3979 4363 3958 5712 
5713 4797 4463 4786 4633 4188 4547 4693 4065 4649 4673 4026 4108 4653 4546 5713 
5714 4797 4884 4786 4111 4677 4693 3979 4653 3848 4546 5714 
5715 4797 4463 4633 4649 4712 4748 4546 3938 5715 
5716 4797 5716 
5717 4797 5716 5395 4463 3202 4111 2610 4633 2728 5717 
5718 4797 5716 4300 3202 4191 4130 4769 4716 3660 4693 3885 4634 5718 
5719 4797 5716 5686 4547 4676 5719 
5720 4797 5720 
5721 4797 5591 3202 4130 3885 5721 
5722 4797 4786 4745 4712 4600 5722 
5723 4797 5723 
5724 4797 5723 4676 4781 4673 4704 4485 5724 
5725 4797 4786 4775 4673 4704 4712 5725 
5726 4797 4111 4193 4043 
5727 4797 4463 4786 4633 4775 4065 3953 4731 4594 5727 
5728 4797 4404 4463 4786 4300 4633 4191 5728 
5729 4797 4786 4300 4111 5729 
5730 4797 5686 4633 4547 4676 4253 4649 4789 4531 4302 5730 
5731 4797 4676 4249 4702 4546 4284 4329 5731 
5732 4797 4633 4769 4547 4693 4781 5732 
5733 4797 4254 4633 4769 4693 4781 4249 4702 5733 
5734 4797 4253 4653 4702 5734 
5735 4797 4463 4786 4300 3202 4111 1807 4633 2728 4769 2376 3660 1815 4693 3035 5735 
5736 4797 5736 
5737 4797 4786 4547 4676 4249 4363 4261 
5738 4797 4558 3396 4254 4786 4300 3202 4111 5738 
5739 4797 4253 3450 
5740 4797 4726 5740 
5741 4797 4786 4633 4547 4775 4363 5741 
5742 4797 4786 4130 4769 4547 3838 4411 3979 4108 3848 4402 5742 
5743 4797 3744 
5744 4797 4924 4463 4786 4300 4633 4130 4065 3838 4745 3953 3885 3979 5744 
5745 4797 4547 4676 4673 4712 4108 4702 5745 
5746 4797 4786 4633 4547 4693 4745 4363 4702 4652 4362 5746 
5747 4797 4786 4547 4676 4249 4224 4213 
5748 4797 4302 4251 4228 
5749 4797 4786 4769 4547 4673 4249 4653 4402 4652 5749 
5750 4797 4786 4547 4676 4673 4789 4653 4774 4705 5750 
5751 4797 4786 4704 4546 4652 4784 4354 4283 
5752 4797 4786 4547 4764 4634 4652 4753 4644 4339 
5753 4797 4786 4547 4764 4765 4600 4681 4368 
5754 4797 4254 4463 4786 4300 4633 4769 4547 4745 5754 
5755 4797 4786 4300 4188 4775 4693 4065 4664 5755 
5756 4797 2610 4547 4546 2584 4354 3094 4367 2682 2608 
5757 4797 4463 4786 4300 3660 3885 4764 4681 4546 4652 4354 4362 4367 5757 
5758 4797 4786 4769 4547 4676 4673 5758 
5759 4797 4786 4300 3202 4191 4716 4253 4026 3450 5759 
5760 4797 4781 4485 4784 
5761 4797 1686 4463 4300 3202 4111 4633 5761 
5762 4797 4786 4769 4775 4673 4546 5762 
5763 4797 4463 4786 3838 4676 4789 4600 4681 4485 5763 
5764 4797 5764 
5765 4797 4547 5765 
5766 4797 4786 4775 4745 4781 4764 4748 4784 5766 
5767 4797 3396 4786 3202 4188 4191 4547 3002 4664 4745 3953 5767 
5768 4797 4786 4300 4191 4775 4693 3035 4745 2611 4411 2381 4781 5768 
5769 4797 4786 4702 4767 4485 5769 
5770 4797 4463 4786 4111 4633 3838 3953 3979 5770 
5771 4797 4463 4786 4111 4693 4731 4026 4193 5771 
5772 4797 4254 4786 4111 4191 4547 4693 4745 4676 4712 4108 5772 
5773 4797 4786 4547 4676 4534 
5774 4797 4745 4764 4712 4702 4485 4784 4644 4582 4483 
5775 4797 4745 4673 4704 4748 4767 4485 4784 4510 4582 4494 4486 
5776 4797 4786 4547 4653 4546 4652 4708 4736 4277 
5777 4797 4786 4769 4547 4368 5777 
5778 4797 5764 4786 4633 4547 4775 4745 4676 4546 4767 4485 5778 
5779 4797 5736 4786 4547 4775 4764 4653 4681 4510 5779 
5780 4797 4786 4769 4547 4745 5780 
5781 4797 4547 4775 4693 4745 4676 4781 4764 5781 
5782 4797 4781 4764 4765 4649 4789 4748 5782 
5783 4797 4781 4566 
5784 4797 4786 4764 4402 4368 4531 
5785 4797 4786 4775 4745 4765 4748 4767 4753 4784 4562 
5786 4797 4786 4300 4188 4191 4547 3953 3885 3757 4600 4108 4193 3450 5786 
5787 4797 4769 4781 4485 4534 5787 
5788 4797 4463 4786 4300 3202 4111 4191 3035 4745 3885 5788 
5789 4797 4354 4362 5789 
5790 4797 4786 4300 4633 4769 4547 4649 4673 5790 
5791 4797 4600 5791 
5792 4797 5792 
5793 4797 5792 4786 4716 4693 4676 4781 5793 
5794 4797 5792 4693 4702 4485 4680 5794 
5795 4797 5792 5795 
5796 4797 5792 5795 4300 4664 5796 
5797 4797 5792 4769 4764 4765 4649 4653 4767 5797 
5798 4797 4775 4745 4781 4764 4649 4789 4712 5798 
5799 4797 4764 4765 4649 4789 4704 4712 4653 4681 4655 4774 4652 5799 
5800 4797 5800 
5801 4797 5800 
5802 4797 4463 4786 4300 5802 
5803 4797 4786 4775 4745 4781 4765 4649 4789 4653 4774 4753 4784 4744 4783 
5804 4797 4786 4775 4693 4781 4764 4765 4649 4774 5804 
5805 4797 4676 4781 4789 4704 4600 4485 5805 
5806 4797 5806 
5807 4797 5806 4769 4775 4764 4765 4731 4649 4673 4789 4712 4653 4702 4681 4748 4767 4774 5807 
5808 4797 4786 4775 4745 4781 4731 4789 4774 5808 
5809 4797 5693 4786 4633 4188 4065 4026 5809 
5810 4797 5800 4558 4463 4786 4111 4633 5810 
5811 4797 4624 4786 5811 
5812 
5813 
5814 4797 4191 1815 628 5814 
5815 4797 5299 4463 2610 5815 
