0 
1 0 
2 
3 
4 3 
5 
6 5 
7 7 
8 7 
9 7 
10 
11 10 
12 10 
13 
14 14 
15 14 
16 14 
17 13 
18 
19 19 
20 19 
21 
22 21 
23 
24 
25 25 
26 25 
27 24 
28 
29 29 
30 
31 31 
32 31 
33 31 
34 
35 34 
36 34 
37 
38 37 
39 
40 39 
41 41 
42 39 
43 
44 
45 45 
46 44 
47 44 
48 
49 49 
50 49 
51 49 50 
52 49 50 
53 49 
54 
55 
56 56 
57 
58 58 
59 57 
60 
61 60 
62 62 
63 62 
64 
65 
66 65 
67 65 
68 65 
69 
70 69 
71 69 
72 
73 
74 73 
75 73 
76 
77 
78 77 
79 77 
80 77 
81 77 
82 77 
83 77 
84 77 
85 77 
86 
87 86 
88 
89 88 
90 88 
91 88 
92 88 
93 88 
94 
95 94 
96 94 
97 97 
98 97 
99 97 
100 
101 100 
102 100 
103 
104 104 
105 105 
106 105 
107 
108 107 
109 107 
110 107 
111 111 
112 111 
113 111 
114 
115 114 
116 114 
117 86 114 
118 
119 118 
120 
121 120 
122 
123 
124 123 
125 123 
126 126 
127 123 
128 
129 128 
130 128 
131 
132 
133 133 
134 134 
135 133 
136 133 
137 133 136 
138 133 
139 133 
140 132 
141 141 
142 141 
143 143 
144 143 
145 143 
146 143 
147 132 
148 
149 148 
150 150 
151 148 
152 148 
153 148 
154 148 
155 148 
156 148 
157 
158 
159 158 
160 158 
161 
162 162 
163 161 
164 164 
165 161 
166 
167 166 60 
168 166 
169 166 
170 
171 170 
172 170 
173 
174 173 
175 131 173 
176 
177 
178 
179 178 
180 180 
181 180 
182 
183 183 
184 183 
185 183 
186 186 
187 186 
188 186 187 
189 186 
190 186 
191 186 
192 186 191 
193 186 191 
194 186 
195 
196 195 
197 195 
198 
199 198 
200 198 
201 198 
202 
203 
204 
205 
206 205 
207 49 207 
208 49 207 
209 
210 209 
211 
212 
213 212 
214 212 
215 
216 215 
217 215 
218 215 
219 215 
220 105 
221 105 220 
222 
223 222 
224 222 
225 222 
226 
227 226 
228 226 
229 226 
230 226 
231 
232 232 
233 232 
234 
235 
236 235 
237 134 
238 134 238 
239 
240 239 
241 60 239 
242 239 
243 
244 
245 244 
246 244 
247 244 
248 244 
249 
250 249 
251 249 
252 249 
253 249 
254 
255 255 
256 255 
257 255 
258 
259 
260 
261 260 
262 260 
263 260 
264 
265 264 
266 264 
267 
268 267 
269 249 267 
270 
271 270 
272 272 
273 272 
274 272 
275 272 
276 272 
277 272 
278 272 
279 272 
280 272 
281 272 
282 272 
283 272 282 
284 272 282 
285 272 
286 272 
287 272 
288 272 
289 272 
290 272 
291 272 
292 272 7 
293 272 
294 272 
295 272 
296 272 
297 272 
298 272 
299 272 
300 272 
301 272 
302 272 
303 272 302 
304 272 
305 272 
306 272 
307 272 
308 272 
309 272 21 
310 272 
311 272 
312 272 
313 272 
314 272 
315 272 
316 272 
317 272 
318 272 209 
319 272 
320 272 
321 272 
322 272 
323 272 
324 272 
325 272 
326 272 
327 272 
328 272 
329 272 
330 272 
331 272 
332 272 
333 272 
334 272 
335 272 
336 272 
337 272 
338 272 
339 272 338 
340 272 
341 272 
342 272 
343 272 
344 272 
345 272 
346 272 
347 272 
348 272 
349 272 
350 272 
351 272 
352 272 
353 272 
354 272 
355 272 355 
356 272 
357 272 
358 272 
359 272 
360 272 
361 272 
362 272 
363 272 
364 272 
365 272 
366 272 
367 272 
368 272 
369 272 
370 272 
371 272 
372 272 
373 272 
374 272 
375 272 
376 272 
377 272 
378 272 
379 272 
380 272 
381 272 
382 272 
383 272 
384 272 
385 272 
386 272 
387 272 
388 272 
389 272 
390 272 
391 272 
392 272 
393 272 
394 272 114 
395 272 104 
396 272 
397 272 
398 272 
399 272 
400 272 
401 272 
402 272 
403 272 
404 272 
405 272 
406 272 
407 272 
408 272 
409 272 
410 272 
411 272 
412 272 
413 272 
414 272 
415 272 
416 272 
417 272 
418 272 
419 272 
420 272 
421 272 
422 272 
423 272 
424 272 104 
425 272 133 
426 272 
427 272 
428 272 
429 272 58 
430 272 
431 272 430 
432 272 
433 272 
434 272 
435 272 
436 272 
437 272 
438 272 
439 272 438 
440 272 438 
441 272 438 
442 272 438 
443 272 
444 272 
445 272 
446 272 
447 272 
448 272 
449 272 
450 272 
451 272 
452 272 
453 272 
454 272 
455 272 
456 272 
457 272 
458 272 
459 272 
460 272 
461 272 
462 272 
463 272 
464 272 
465 272 
466 272 
467 272 
468 272 
469 272 
470 272 
471 272 
472 272 
473 272 
474 272 
475 272 
476 272 
477 272 
478 272 
479 272 
480 272 
481 272 
482 272 161 
483 272 
484 272 
485 272 
486 272 
487 272 
488 272 
489 272 
490 272 
491 272 
492 272 
493 272 
494 272 
495 272 
496 272 
497 272 496 
498 272 496 
499 272 
500 272 
501 272 
502 272 
503 272 
504 272 457 
505 272 
506 272 
507 272 
508 272 
509 272 
510 272 
511 272 
512 272 
513 272 180 
514 272 
515 272 
516 272 
517 272 
518 272 
519 272 
520 272 
521 272 
522 272 
523 272 522 
524 272 522 107 
525 272 44 
526 272 170 
527 272 170 
528 272 
529 272 
530 272 
531 272 
532 272 
533 272 
534 272 
535 272 
536 272 
537 272 
538 272 
539 272 
540 272 
541 272 
542 272 541 
543 272 
544 272 
545 272 
546 272 
547 272 
548 272 
549 272 
550 272 549 
551 272 
552 272 
553 272 
554 272 
555 272 
556 272 
557 272 
558 272 
559 272 
560 272 
561 272 
562 272 
563 272 
564 272 
565 272 
566 272 
567 272 
568 272 
569 272 
570 272 
571 272 
572 272 
573 272 
574 272 
575 272 
576 272 
577 272 576 
578 272 
579 272 
580 272 
581 272 
582 272 
583 272 
584 272 
585 272 
586 272 
587 272 
588 272 
589 272 
590 272 
591 272 
592 272 
593 272 
594 272 
595 272 
596 272 
597 272 
598 272 
599 272 
600 272 
601 272 
602 272 
603 272 
604 272 
605 272 235 
606 272 
607 272 
608 272 
609 272 
610 272 
611 272 
612 272 
613 272 
614 272 
615 272 
616 272 
617 272 209 
618 272 
619 272 
620 272 
621 272 
622 272 
623 272 
624 272 
625 272 
626 272 
627 272 
628 272 
629 272 
630 272 
631 272 
632 272 
633 272 
634 272 19 496 122 
635 272 
636 272 
637 272 
638 272 
639 272 180 
640 272 
641 272 
642 272 
643 272 
644 272 
645 272 
646 272 
647 272 
648 272 
649 272 
650 272 
651 272 
652 272 651 
653 272 
654 272 
655 272 
656 272 
657 272 
658 272 657 
659 272 
660 272 
661 272 
662 272 
663 272 
664 272 23 
665 272 
666 272 
667 272 
668 272 
669 272 
670 272 
671 272 
672 272 
673 272 
674 272 
675 272 
676 272 
677 272 
678 272 134 237 677 
679 272 
680 272 255 
681 272 
682 272 681 
683 272 681 
684 272 681 
685 272 681 
686 272 
687 272 
688 272 
689 272 
690 272 
691 272 
692 272 
693 272 
694 272 
695 272 
696 272 
697 272 
698 272 
699 272 
700 272 
701 272 
702 272 
703 272 
704 272 
705 272 
706 272 62 
707 272 
708 272 
709 272 104 
710 272 
711 272 
712 272 
713 272 
714 272 
715 272 
716 272 
717 272 
718 272 
719 272 
720 272 719 
721 272 
722 272 
723 272 
724 272 724 
725 272 725 
726 272 
727 272 
728 272 
729 272 
730 272 
731 272 
732 272 
733 272 
734 272 
735 272 
736 272 
737 272 736 564 
738 272 
739 272 
740 272 
741 272 
742 272 
743 272 
744 272 
745 272 
746 272 
747 272 
748 272 
749 272 
750 272 
751 272 
752 272 
753 272 
754 272 
755 272 
756 272 
757 272 
758 272 
759 272 
760 272 
761 272 
762 272 
763 272 
764 272 
765 272 
766 272 
767 272 
768 272 
769 272 
770 272 
771 272 
772 272 
773 272 
774 272 
775 272 
776 272 
777 272 
778 272 
779 272 
780 272 
781 272 
782 272 
783 272 
784 272 
785 272 
786 272 
787 272 
788 272 
789 272 
790 272 
791 272 94 
792 272 
793 272 
794 272 
795 272 
796 272 
797 272 
798 272 
799 272 798 
800 272 
801 272 
802 272 
803 272 
804 272 
805 272 
806 272 805 
807 272 
808 272 
809 272 
810 272 
811 272 
812 272 
813 272 
814 272 
815 272 
816 272 
817 272 
818 272 
819 272 
820 272 
821 272 
822 272 
823 272 
824 272 
825 272 
826 272 
827 272 
828 272 
829 272 
830 272 
831 272 
832 272 831 
833 272 
834 272 
835 272 
836 272 
837 272 
838 272 
839 272 
840 272 170 
841 272 
842 272 
843 272 
844 272 
845 272 
846 272 
847 272 
848 272 
849 272 
850 272 
851 272 
852 272 
853 272 
854 272 
855 272 
856 272 
857 272 
858 272 857 
859 272 
860 272 
861 272 
862 272 
863 272 
864 272 
865 272 
866 272 
867 272 
868 272 
869 272 
870 272 
871 272 
872 272 
873 272 
874 272 
875 272 
876 272 
877 272 
878 272 
879 272 
880 272 
881 272 
882 272 
883 272 
884 272 
885 272 
886 272 
887 272 887 
888 272 
889 272 57 
890 272 
891 272 
892 272 
893 272 
894 272 
895 272 
896 272 255 
897 272 
898 272 
899 272 
900 272 
901 272 
902 272 
903 272 
904 272 
905 272 
906 272 
907 272 
908 272 
909 272 
910 272 
911 272 
912 272 
913 272 
914 272 
915 272 914 
916 272 
917 272 
918 272 
919 272 
920 272 
921 272 
922 272 
923 272 
924 272 
925 272 
926 272 
927 272 
928 272 
929 272 
930 272 
931 272 
932 272 
933 272 
934 272 430 
935 272 
936 272 
937 272 
938 272 
939 272 
940 272 
941 272 940 
942 272 940 
943 272 
944 272 
945 272 
946 272 
947 272 
948 272 
949 272 
950 272 
951 272 
952 272 
953 272 
954 272 
955 272 
956 272 
957 272 
958 272 
959 272 
960 272 
961 272 
962 272 
963 272 
964 272 
965 272 
966 272 
967 272 
968 272 
969 272 
970 272 
971 272 
972 272 
973 272 
974 272 
975 272 
976 272 
977 272 
978 272 
979 272 
980 272 979 
981 272 
982 272 
983 272 204 
984 272 21 
985 272 
986 272 
987 272 
988 272 
989 272 
990 272 
991 272 
992 272 
993 272 
994 272 
995 272 
996 272 
997 272 
998 272 
999 272 
1000 272 
1001 272 
1002 272 649 
1003 272 
1004 272 
1005 272 
1006 272 
1007 272 
1008 272 
1009 272 
1010 272 
1011 272 239 
1012 272 
1013 272 
1014 272 
1015 272 
1016 272 
1017 272 
1018 272 
1019 272 
1020 272 
1021 272 
1022 272 1021 
1023 272 
1024 272 
1025 272 
1026 272 
1027 272 
1028 272 
1029 272 
1030 272 
1031 272 
1032 272 
1033 272 1032 
1034 272 
1035 272 
1036 272 
1037 272 
1038 272 
1039 272 
1040 272 
1041 272 
1042 272 
1043 272 
1044 272 
1045 272 
1046 272 
1047 272 1047 
1048 272 1047 
1049 272 1047 
1050 272 
1051 272 
1052 272 
1053 272 
1054 272 
1055 272 
1056 272 
1057 272 
1058 272 
1059 272 
1060 272 
1061 272 438 
1062 272 
1063 272 
1064 272 
1065 272 
1066 272 
1067 272 
1068 272 
1069 272 
1070 272 
1071 272 
1072 272 
1073 272 
1074 272 
1075 272 
1076 272 
1077 272 
1078 272 195 
1079 272 
1080 272 
1081 272 
1082 272 
1083 272 
1084 272 
1085 272 
1086 272 
1087 272 
1088 272 
1089 272 
1090 272 
1091 272 
1092 272 1092 
1093 272 1092 
1094 272 
1095 272 
1096 272 
1097 272 
1098 272 
1099 272 
1100 272 
1101 272 
1102 272 
1103 272 
1104 272 
1105 272 
1106 272 
1107 272 
1108 272 
1109 272 
1110 272 
1111 272 
1112 272 
1113 272 
1114 272 
1115 272 120 
1116 272 
1117 272 
1118 272 
1119 272 
1120 272 
1121 272 
1122 272 
1123 272 
1124 272 
1125 272 
1126 272 522 
1127 272 
1128 272 
1129 272 
1130 272 
1131 272 
1132 272 
1133 272 
1134 272 
1135 272 
1136 272 
1137 272 
1138 272 
1139 272 
1140 272 
1141 272 
1142 272 1141 
1143 272 
1144 272 
1145 272 
1146 272 
1147 272 
1148 272 
1149 272 
1150 272 
1151 272 
1152 272 
1153 272 
1154 272 1154 
1155 272 1154 
1156 272 
1157 272 
1158 272 180 
1159 272 
1160 272 
1161 272 186 191 
1162 272 
1163 272 
1164 272 
1165 272 
1166 272 
1167 272 
1168 272 
1169 272 1168 
1170 272 
1171 272 1170 
1172 272 
1173 272 
1174 272 
1175 272 
1176 272 
1177 272 
1178 272 
1179 272 10 
1180 272 
1181 272 
1182 272 
1183 272 
1184 272 
1185 272 
1186 272 
1187 272 
1188 272 
1189 272 
1190 272 
1191 272 
1192 272 
1193 272 
1194 272 
1195 272 
1196 272 430 
1197 272 
1198 272 
1199 272 
1200 272 
1201 272 
1202 272 
1203 272 
1204 272 
1205 272 
1206 272 
1207 272 
1208 272 
1209 272 
1210 272 
1211 272 1210 
1212 272 
1213 272 
1214 272 
1215 272 1032 
1216 272 
1217 272 
1218 272 
1219 272 
1220 272 
1221 272 
1222 272 
1223 272 
1224 272 
1225 272 
1226 272 
1227 272 
1228 272 
1229 272 
1230 272 
1231 272 
1232 272 
1233 272 
1234 272 7 
1235 272 
1236 272 
1237 272 
1238 272 
1239 272 
1240 272 
1241 272 
1242 272 
1243 272 
1244 272 
1245 272 
1246 272 
1247 272 
1248 272 
1249 272 
1250 272 
1251 272 
1252 272 
1253 272 
1254 272 
1255 272 
1256 272 430 
1257 272 
1258 272 
1259 272 
1260 272 
1261 272 58 18 
1262 272 
1263 272 
1264 272 
1265 272 
1266 272 
1267 272 
1268 272 141 
1269 272 1269 
1270 272 1269 
1271 272 1269 
1272 272 
1273 272 
1274 272 
1275 272 
1276 272 
1277 272 681 
1278 272 
1279 272 
1280 272 
1281 272 
1282 272 
1283 272 
1284 272 
1285 272 
1286 272 
1287 272 
1288 272 
1289 272 
1290 272 120 
1291 272 
1292 272 1291 
1293 272 1291 
1294 272 1291 
1295 272 1291 
1296 272 1291 100 
1297 272 
1298 272 
1299 272 
1300 272 
1301 272 
1302 272 
1303 272 1302 
1304 272 1302 
1305 272 
1306 272 
1307 272 183 24 
1308 272 186 44 
1309 272 
1310 272 
1311 272 
1312 272 
1313 272 
1314 272 
1315 272 
1316 272 
1317 272 
1318 272 
1319 272 
1320 272 69 736 
1321 272 
1322 272 
1323 272 
1324 272 
1325 272 
1326 272 
1327 272 134 237 
1328 272 
1329 272 
1330 272 173 
1331 272 
1332 272 
1333 272 
1334 272 
1335 272 
1336 272 166 
1337 272 
1338 272 
1339 272 
1340 272 
1341 272 
1342 272 
1343 272 
1344 272 
1345 272 
1346 272 
1347 272 
1348 272 
1349 272 
1350 272 
1351 272 
1352 272 1351 
1353 272 
1354 272 
1355 272 
1356 272 
1357 272 
1358 272 114 
1359 272 
1360 272 1128 
1361 272 
1362 272 
1363 272 1362 
1364 272 
1365 272 
1366 272 
1367 272 
1368 272 
1369 272 
1370 272 
1371 272 
1372 272 
1373 272 
1374 272 
1375 272 
1376 272 1376 
1377 272 1376 
1378 272 
1379 272 
1380 272 
1381 272 0 
1382 272 496 
1383 272 
1384 272 
1385 272 
1386 272 
1387 272 
1388 272 
1389 272 
1390 272 
1391 272 
1392 272 
1393 272 
1394 272 
1395 272 
1396 272 1395 
1397 272 
1398 272 496 
1399 272 
1400 272 
1401 272 1400 
1402 272 1400 
1403 272 1400 
1404 272 
1405 272 
1406 272 
1407 272 
1408 272 
1409 272 
1410 272 
1411 272 
1412 272 
1413 272 
1414 272 
1415 272 
1416 272 
1417 272 
1418 272 
1419 272 
1420 272 
1421 272 
1422 272 
1423 272 
1424 272 
1425 272 
1426 272 
1427 272 
1428 272 
1429 272 133 136 
1430 272 
1431 272 
1432 272 
1433 272 
1434 272 
1435 272 
1436 272 
1437 272 
1438 272 
1439 272 
1440 272 
1441 272 
1442 272 
1443 272 
1444 272 
1445 272 
1446 272 
1447 272 887 
1448 272 
1449 272 
1450 272 
1451 272 
1452 272 
1453 272 
1454 272 
1455 272 
1456 272 
1457 272 
1458 272 
1459 272 
1460 272 
1461 272 
1462 272 
1463 272 
1464 272 
1465 272 
1466 272 
1467 272 
1468 272 
1469 272 
1470 272 
1471 272 
1472 272 
1473 272 
1474 272 
1475 272 
1476 272 
1477 272 
1478 272 
1479 272 
1480 272 
1481 272 
1482 272 
1483 272 
1484 272 
1485 272 
1486 272 
1487 272 
1488 272 
1489 272 
1490 272 
1491 272 
1492 272 
1493 272 
1494 272 
1495 272 
1496 272 
1497 272 
1498 272 1497 
1499 272 1497 
1500 272 
1501 272 
1502 272 
1503 272 
1504 272 
1505 272 183 
1506 272 
1507 272 
1508 272 
1509 272 
1510 272 
1511 272 725 
1512 272 
1513 272 
1514 272 
1515 272 
1516 272 
1517 272 
1518 272 
1519 272 
1520 272 
1521 272 
1522 272 
1523 272 
1524 272 
1525 272 
1526 272 105 220 
1527 272 
1528 272 
1529 272 
1530 272 
1531 272 
1532 272 
1533 272 
1534 272 
1535 272 
1536 272 
1537 272 
1538 272 
1539 272 
1540 272 
1541 272 
1542 272 
1543 272 1542 
1544 272 
1545 272 
1546 272 
1547 272 
1548 272 
1549 272 
1550 272 
1551 272 
1552 272 
1553 272 
1554 272 
1555 272 
1556 272 
1557 272 
1558 272 
1559 272 264 
1560 272 
1561 272 
1562 272 
1563 272 
1564 272 
1565 272 
1566 272 
1567 272 
1568 272 1567 
1569 272 
1570 272 
1571 272 
1572 272 
1573 272 
1574 272 
1575 272 
1576 272 
1577 272 
1578 272 
1579 272 
1580 272 
1581 272 
1582 272 450 1581 
1583 272 
1584 272 
1585 272 105 
1586 272 
1587 272 
1588 272 1153 
1589 272 
1590 272 
1591 272 
1592 272 
1593 272 
1594 272 
1595 272 
1596 272 
1597 272 
1598 272 
1599 272 
1600 272 
1601 272 
1602 272 
1603 272 
1604 272 
1605 272 
1606 272 1605 
1607 272 
1608 272 
1609 272 
1610 272 
1611 272 
1612 272 
1613 272 
1614 272 
1615 272 55 
1616 272 
1617 272 
1618 272 
1619 272 
1620 272 
1621 272 
1622 272 
1623 272 1622 
1624 272 1622 
1625 272 
1626 272 
1627 272 
1628 272 
1629 272 
1630 272 
1631 272 
1632 272 
1633 272 
1634 272 
1635 272 
1636 272 
1637 272 
1638 272 
1639 272 
1640 272 
1641 272 
1642 272 
1643 272 
1644 272 
1645 272 
1646 272 940 
1647 272 
1648 272 
1649 272 
1650 272 
1651 272 
1652 272 
1653 272 
1654 272 
1655 272 
1656 272 1291 1584 
1657 272 
1658 272 
1659 272 
1660 272 
1661 272 
1662 272 
1663 272 
1664 272 
1665 272 
1666 272 
1667 272 1667 
1668 272 19 1667 
1669 272 
1670 272 
1671 272 
1672 272 
1673 272 
1674 272 
1675 272 
1676 272 
1677 272 
1678 272 
1679 272 1678 
1680 272 1678 
1681 272 1678 
1682 272 1678 
1683 272 1678 
1684 272 1678 
1685 272 1678 
1686 272 1678 
1687 272 1678 
1688 272 1678 
1689 272 258 1485 
1690 272 
1691 272 
1692 272 
1693 272 180 
1694 272 
1695 272 
1696 272 
1697 272 
1698 272 
1699 272 
1700 272 
1701 272 
1702 272 
1703 272 
1704 272 105 220 
1705 272 
1706 272 
1707 272 
1708 272 
1709 272 
1710 272 282 
1711 272 
1712 272 736 
1713 272 
1714 272 
1715 272 
1716 272 
1717 272 
1718 272 
1719 272 
1720 272 1719 
1721 272 
1722 272 
1723 272 
1724 272 
1725 272 
1726 272 1153 
1727 272 
1728 272 
1729 272 
1730 272 
1731 272 
1732 272 
1733 272 
1734 272 13 
1735 272 
1736 272 
1737 272 
1738 272 
1739 272 
1740 272 
1741 272 
1742 272 
1743 272 
1744 272 
1745 272 
1746 272 
1747 272 
1748 272 
1749 272 
1750 272 
1751 272 1750 
1752 272 
1753 272 
1754 272 
1755 272 
1756 272 
1757 272 
1758 272 
1759 272 
1760 272 
1761 272 
1762 272 940 
1763 272 
1764 272 
1765 272 5 274 
1766 272 
1767 272 
1768 272 
1769 272 
1770 272 
1771 272 
1772 272 
1773 272 
1774 272 
1775 272 
1776 272 
1777 272 1776 
1778 272 
1779 272 
1780 272 
1781 272 
1782 272 
1783 272 
1784 272 
1785 272 
1786 272 
1787 272 
1788 272 
1789 272 
1790 272 
1791 272 
1792 272 255 
1793 272 255 1792 
1794 272 
1795 272 
1796 272 73 
1797 272 
1798 272 
1799 272 
1800 272 
1801 272 
1802 272 
1803 272 
1804 272 
1805 272 
1806 272 
1807 272 
1808 272 
1809 272 
1810 272 
1811 272 
1812 272 25 
1813 272 
1814 272 
1815 272 
1816 272 
1817 272 
1818 272 
1819 272 
1820 272 60 
1821 272 
1822 272 
1823 272 
1824 272 1824 
1825 272 
1826 272 
1827 272 
1828 272 1216 
1829 272 
1830 272 1829 
1831 272 1829 
1832 272 1829 
1833 272 
1834 272 
1835 272 
1836 272 
1837 272 
1838 272 
1839 272 
1840 272 
1841 272 
1842 272 
1843 272 
1844 272 
1845 272 
1846 272 
1847 272 1846 
1848 272 1846 
1849 272 1846 
1850 272 1846 
1851 272 1846 
1852 272 1846 
1853 272 1846 
1854 272 1846 
1855 272 1846 
1856 272 1846 
1857 272 
1858 272 
1859 272 
1860 272 
1861 272 
1862 272 202 
1863 272 
1864 272 3 
1865 272 
1866 272 
1867 272 
1868 272 
1869 272 
1870 272 
1871 272 
1872 272 
1873 272 
1874 272 
1875 272 
1876 272 
1877 272 
1878 272 
1879 272 
1880 272 
1881 272 
1882 272 
1883 272 
1884 272 
1885 272 940 
1886 272 
1887 272 
1888 272 164 522 1145 
1889 272 
1890 272 
1891 272 
1892 272 1400 
1893 272 
1894 272 
1895 272 
1896 272 1895 
1897 272 
1898 272 
1899 272 
1900 272 
1901 272 
1902 272 
1903 272 
1904 272 
1905 272 
1906 272 
1907 272 
1908 272 
1909 272 
1910 272 
1911 272 134 
1912 272 
1913 272 
1914 272 
1915 272 
1916 272 1915 
1917 272 
1918 272 
1919 272 
1920 272 
1921 272 
1922 272 
1923 272 
1924 272 
1925 272 
1926 272 
1927 272 
1928 272 
1929 272 
1930 272 
1931 272 
1932 272 
1933 272 
1934 272 
1935 272 
1936 272 
1937 272 
1938 272 
1939 272 
1940 272 
1941 272 1940 
1942 272 
1943 272 
1944 272 
1945 272 
1946 272 
1947 272 
1948 272 
1949 272 
1950 272 
1951 272 
1952 272 1951 
1953 272 
1954 272 
1955 272 
1956 272 
1957 272 
1958 272 
1959 272 
1960 272 
1961 272 
1962 272 
1963 272 1962 
1964 272 
1965 272 
1966 272 
1967 272 173 
1968 272 
1969 272 
1970 272 
1971 272 
1972 272 
1973 272 
1974 272 104 1973 
1975 272 
1976 272 
1977 272 
1978 272 
1979 272 
1980 272 
1981 272 
1982 272 
1983 272 
1984 272 
1985 272 
1986 272 438 
1987 272 
1988 272 
1989 272 
1990 272 
1991 272 
1992 272 186 
1993 272 
1994 272 
1995 272 
1996 272 
1997 272 
1998 272 
1999 272 
2000 272 
2001 272 2001 
2002 272 2002 
2003 272 2002 
2004 272 2002 
2005 272 2002 
2006 272 2002 
2007 272 
2008 272 
2009 272 
2010 272 
2011 272 
2012 272 
2013 272 
2014 272 
2015 272 
2016 272 
2017 272 
2018 272 
2019 272 2018 
2020 272 
2021 272 576 
2022 272 
2023 272 
2024 272 
2025 272 
2026 272 
2027 272 
2028 272 
2029 272 
2030 272 
2031 272 
2032 272 
2033 272 
2034 272 
2035 272 
2036 272 
2037 272 
2038 272 
2039 272 
2040 272 
2041 272 
2042 272 
2043 272 
2044 272 
2045 272 
2046 272 
2047 272 
2048 272 
2049 272 
2050 272 
2051 272 
2052 272 
2053 272 
2054 272 
2055 272 
2056 272 
2057 272 
2058 272 
2059 272 
2060 272 
2061 272 
2062 272 
2063 272 
2064 272 282 
2065 272 
2066 272 
2067 272 
2068 272 
2069 272 164 
2070 272 55 
2071 272 
2072 272 
2073 272 
2074 272 
2075 272 
2076 272 2075 
2077 272 2075 
2078 272 2075 
2079 272 
2080 272 
2081 272 
2082 272 
2083 272 
2084 272 
2085 272 
2086 272 
2087 272 
2088 272 
2089 272 
2090 272 
2091 272 
2092 272 
2093 272 
2094 272 
2095 272 
2096 272 
2097 272 
2098 272 
2099 272 
2100 272 
2101 272 
2102 272 
2103 272 
2104 272 
2105 272 
2106 272 1032 
2107 272 
2108 272 
2109 272 
2110 272 
2111 272 186 62 187 
2112 272 1291 
2113 272 49 50 
2114 272 
2115 272 18 
2116 272 
2117 272 
2118 272 
2119 272 
2120 272 
2121 272 1895 
2122 272 19 
2123 272 
2124 272 
2125 272 
2126 272 
2127 272 
2128 272 
2129 272 2002 19 
2130 272 2130 
2131 272 2130 
2132 272 
2133 272 
2134 272 
2135 272 
2136 272 
2137 272 
2138 272 
2139 272 
2140 272 
2141 272 
2142 272 
2143 272 
2144 272 
2145 272 
2146 272 
2147 272 
2148 272 
2149 272 
2150 272 141 
2151 272 
2152 272 111 
2153 272 
2154 272 
2155 272 2154 
2156 272 
2157 272 
2158 272 
2159 272 161 
2160 272 
2161 272 
2162 272 
2163 272 
2164 272 
2165 272 
2166 272 
2167 272 
2168 272 
2169 272 
2170 272 
2171 272 
2172 272 
2173 272 
2174 272 
2175 272 
2176 272 
2177 272 
2178 272 
2179 272 
2180 272 
2181 272 
2182 272 
2183 272 2182 
2184 272 
2185 272 
2186 272 
2187 272 
2188 272 
2189 272 
2190 272 
2191 272 
2192 272 
2193 272 2192 
2194 272 
2195 272 
2196 272 
2197 272 
2198 272 
2199 272 
2200 272 
2201 272 
2202 272 
2203 272 
2204 272 
2205 272 
2206 272 
2207 272 
2208 272 164 
2209 272 2075 619 
2210 272 
2211 272 
2212 272 
2213 272 
2214 272 
2215 272 
2216 272 105 
2217 272 
2218 272 
2219 272 
2220 272 
2221 272 
2222 272 
2223 272 
2224 272 
2225 272 
2226 272 
2227 272 
2228 272 
2229 272 
2230 272 1032 
2231 272 
2232 272 
2233 272 
2234 272 
2235 272 
2236 272 
2237 272 2236 
2238 272 
2239 272 
2240 272 
2241 272 
2242 272 
2243 272 
2244 272 940 
2245 272 
2246 272 970 
2247 272 
2248 272 
2249 272 1400 
2250 272 
2251 272 
2252 272 
2253 272 5 
2254 272 
2255 272 1375 
2256 272 
2257 272 
2258 272 
2259 272 
2260 272 
2261 272 
2262 272 
2263 272 
2264 272 
2265 272 
2266 272 1581 2265 
2267 272 
2268 272 
2269 272 
2270 272 49 183 
2271 272 
2272 272 18 
2273 272 
2274 272 
2275 272 
2276 272 
2277 272 
2278 272 
2279 272 
2280 272 
2281 272 2001 
2282 272 
2283 272 
2284 272 
2285 272 
2286 272 
2287 272 
2288 272 
2289 272 
2290 272 
2291 272 
2292 272 
2293 272 122 
2294 272 186 187 
2295 272 
2296 272 
2297 272 
2298 272 
2299 272 
2300 272 
2301 272 
2302 272 
2303 272 
2304 272 
2305 272 
2306 272 
2307 272 
2308 272 
2309 272 
2310 272 
2311 272 
2312 272 
2313 272 
2314 272 
2315 272 
2316 272 
2317 272 
2318 272 
2319 272 
2320 272 
2321 272 
2322 272 
2323 272 
2324 272 
2325 272 
2326 272 
2327 272 
2328 272 
2329 272 
2330 272 
2331 272 
2332 272 
2333 272 
2334 272 1875 
2335 272 
2336 272 2335 
2337 272 
2338 272 
2339 272 
2340 272 
2341 272 
2342 272 
2343 272 
2344 272 
2345 272 
2346 272 
2347 272 
2348 272 
2349 272 164 736 
2350 272 
2351 272 
2352 272 
2353 272 
2354 272 
2355 272 31 
2356 272 
2357 272 1900 
2358 272 180 
2359 272 
2360 272 2172 
2361 272 
2362 272 
2363 272 
2364 272 
2365 272 
2366 272 
2367 272 177 
2368 272 
2369 272 
2370 272 
2371 272 2370 
2372 272 
2373 272 2372 
2374 272 
2375 272 
2376 272 
2377 272 
2378 272 198 
2379 272 244 
2380 272 
2381 272 164 
2382 272 496 
2383 272 
2384 272 
2385 272 143 
2386 272 
2387 272 
2388 272 88 
2389 272 
2390 272 
2391 272 
2392 272 
2393 272 141 
2394 272 176 
2395 272 
2396 272 180 
2397 272 
2398 272 
2399 272 
2400 272 
2401 272 
2402 272 
2403 272 
2404 272 
2405 272 
2406 272 
2407 272 2075 2406 
2408 272 2408 
2409 272 
2410 272 
2411 272 2410 
2412 272 2410 
2413 272 186 191 2410 
2414 272 
2415 272 
2416 272 
2417 272 1417 
2418 272 
2419 272 
2420 272 
2421 272 
2422 272 
2423 272 255 
2424 272 
2425 272 
2426 272 
2427 272 
2428 272 430 88 
2429 272 681 
2430 272 
2431 272 
2432 272 
2433 272 
2434 272 2434 
2435 272 2434 
2436 272 202 235 
2437 272 
2438 272 
2439 272 
2440 272 
2441 272 
2442 272 1153 
2443 272 
2444 272 
2445 272 
2446 272 133 
2447 272 
2448 272 
2449 272 
2450 272 69 2449 
2451 272 
2452 272 
2453 272 2452 
2454 272 
2455 272 7 468 
2456 272 
2457 272 
2458 272 
2459 272 
2460 272 
2461 272 
2462 272 
2463 272 
2464 272 
2465 272 
2466 272 
2467 272 
2468 272 
2469 272 
2470 272 
2471 272 
2472 272 
2473 272 
2474 272 
2475 272 
2476 272 
2477 272 
2478 272 
2479 272 
2480 272 
2481 272 
2482 272 
2483 272 
2484 272 2386 
2485 272 
2486 272 
2487 272 
2488 272 
2489 272 
2490 272 
2491 272 
2492 272 
2493 272 
2494 272 
2495 272 
2496 272 
2497 272 
2498 272 2075 
2499 272 
2500 272 
2501 272 
2502 272 
2503 272 186 191 
2504 272 13 
2505 272 
2506 272 
2507 272 
2508 272 
2509 272 
2510 272 
2511 272 
2512 272 
2513 272 
2514 272 2513 
2515 272 
2516 272 
2517 272 
2518 272 
2519 272 
2520 272 
2521 272 
2522 272 
2523 272 
2524 272 231 
2525 272 
2526 272 
2527 272 
2528 272 
2529 272 7 
2530 272 
2531 272 725 1895 
2532 272 
2533 272 
2534 272 
2535 272 
2536 272 
2537 272 
2538 272 
2539 272 342 
2540 272 
2541 272 
2542 272 
2543 272 
2544 272 
2545 272 111 1960 
2546 272 
2547 272 2546 
2548 272 
2549 272 2548 
2550 272 97 
2551 272 
2552 272 
2553 272 
2554 272 
2555 272 1269 
2556 272 
2557 272 
2558 272 
2559 272 
2560 272 
2561 272 
2562 272 
2563 272 
2564 272 
2565 272 
2566 272 
2567 272 19 1621 
2568 272 69 
2569 272 
2570 272 
2571 272 
2572 272 
2573 272 
2574 272 
2575 272 
2576 272 
2577 272 
2578 272 
2579 272 
2580 272 
2581 272 2580 
2582 272 2580 
2583 272 232 2580 
2584 272 2580 
2585 272 
2586 272 
2587 272 
2588 272 
2589 272 
2590 272 
2591 272 
2592 272 
2593 272 
2594 272 
2595 272 
2596 272 
2597 272 
2598 272 
2599 272 
2600 272 
2601 272 
2602 272 222 
2603 272 186 
2604 272 
2605 272 2604 
2606 272 2604 
2607 272 2604 
2608 272 2604 
2609 272 2604 
2610 272 
2611 272 
2612 272 1145 1153 1428 
2613 272 
2614 272 
2615 272 
2616 272 
2617 272 
2618 272 
2619 272 
2620 272 100 
2621 272 
2622 272 
2623 272 
2624 272 
2625 272 
2626 272 
2627 272 13 2626 
2628 272 
2629 272 
2630 272 
2631 272 
2632 272 
2633 272 
2634 272 2633 
2635 272 2633 
2636 272 
2637 272 
2638 272 
2639 272 
2640 272 
2641 272 
2642 272 
2643 272 
2644 272 
2645 272 
2646 272 100 24 
2647 272 212 
2648 272 
2649 272 
2650 272 
2651 272 
2652 272 
2653 272 69 
2654 272 
2655 272 
2656 272 
2657 272 
2658 272 
2659 272 
2660 272 164 2659 
2661 272 2659 
2662 272 2659 
2663 272 2659 
2664 272 
2665 272 161 
2666 272 
2667 272 
2668 272 
2669 272 
2670 272 86 
2671 272 
2672 272 
2673 272 
2674 272 
2675 272 
2676 272 
2677 272 
2678 272 
2679 272 
2680 272 
2681 272 
2682 272 
2683 272 49 50 
2684 272 
2685 272 
2686 272 
2687 272 
2688 272 
2689 272 
2690 272 
2691 272 2690 
2692 272 2690 
2693 272 2693 
2694 272 2690 
2695 272 2690 215 
2696 272 
2697 272 
2698 272 
2699 272 
2700 272 
2701 272 
2702 272 54 
2703 272 1269 
2704 272 
2705 272 
2706 272 
2707 272 
2708 272 
2709 272 
2710 272 2710 
2711 272 2710 
2712 272 2710 
2713 272 2710 
2714 272 2710 
2715 272 2710 
2716 272 2710 
2717 272 
2718 272 
2719 272 
2720 272 
2721 272 
2722 272 
2723 272 
2724 272 
2725 272 
2726 272 
2727 272 
2728 272 
2729 272 
2730 272 195 
2731 272 158 
2732 272 
2733 272 
2734 272 
2735 272 
2736 272 
2737 272 
2738 272 264 
2739 272 
2740 272 
2741 272 
2742 272 355 
2743 272 
2744 272 232 
2745 272 
2746 272 
2747 272 
2748 272 
2749 272 
2750 272 
2751 272 
2752 272 979 
2753 272 
2754 272 25 26 
2755 272 
2756 272 
2757 272 
2758 272 
2759 272 
2760 272 
2761 272 
2762 272 
2763 272 
2764 272 
2765 272 
2766 272 
2767 272 1375 
2768 272 
2769 272 
2770 272 239 
2771 272 
2772 272 
2773 272 
2774 272 
2775 272 
2776 272 
2777 272 479 
2778 272 
2779 272 
2780 272 
2781 272 2780 
2782 272 
2783 272 
2784 272 
2785 272 
2786 272 
2787 272 158 
2788 272 1269 
2789 272 
2790 272 
2791 272 239 
2792 272 
2793 272 
2794 272 
2795 272 282 264 
2796 272 
2797 272 
2798 272 
2799 272 13 1698 
2800 272 
2801 272 
2802 272 
2803 272 1015 
2804 272 
2805 272 44 
2806 272 
2807 272 25 215 
2808 272 
2809 272 
2810 272 
2811 272 
2812 272 
2813 272 
2814 272 
2815 272 
2816 272 
2817 272 
2818 272 
2819 272 131 
2820 272 195 
2821 272 
2822 272 2452 
2823 272 
2824 272 
2825 272 
2826 272 
2827 272 
2828 272 
2829 272 
2830 272 
2831 272 
2832 272 260 
2833 272 
2834 272 39 
2835 272 
2836 272 
2837 272 
2838 272 2838 
2839 272 2838 
2840 272 1400 
2841 272 
2842 272 
2843 272 
2844 272 
2845 272 
2846 272 2846 
2847 272 2846 
2848 272 
2849 272 
2850 272 
2851 272 
2852 272 
2853 272 186 1302 187 
2854 272 
2855 272 
2856 272 
2857 272 
2858 272 24 
2859 272 
2860 272 49 207 
2861 272 
2862 272 522 2580 
2863 272 
2864 272 
2865 272 
2866 272 2865 
2867 272 
2868 272 2867 
2869 272 742 
2870 272 
2871 272 
2872 272 
2873 272 
2874 272 
2875 272 
2876 272 31 522 131 
2877 272 
2878 272 
2879 272 1375 
2880 272 
2881 272 
2882 272 
2883 272 
2884 272 
2885 272 
2886 272 
2887 272 
2888 272 
2889 272 
2890 272 222 
2891 272 
2892 272 
2893 272 2633 
2894 272 
2895 272 
2896 272 
2897 272 
2898 272 
2899 272 2898 478 
2900 272 
2901 272 
2902 272 
2903 272 2821 
2904 272 
2905 272 
2906 272 
2907 272 
2908 272 
2909 272 
2910 272 
2911 272 
2912 272 
2913 272 
2914 272 
2915 272 
2916 272 
2917 272 
2918 272 
2919 272 1302 
2920 272 
2921 272 
2922 272 
2923 272 
2924 272 
2925 272 
2926 272 
2927 272 
2928 272 2927 
2929 272 2927 
2930 272 2927 
2931 272 2927 
2932 272 
2933 272 
2934 272 
2935 272 742 
2936 272 
2937 272 
2938 272 21 
2939 272 21 
2940 272 
2941 272 
2942 272 
2943 272 
2944 272 7 2690 
2945 272 
2946 272 1145 
2947 272 
2948 272 
2949 272 
2950 272 258 
2951 272 
2952 272 
2953 272 166 
2954 272 
2955 272 54 
2956 272 
2957 272 
2958 272 522 
2959 272 
2960 272 222 438 
2961 272 
2962 272 
2963 272 
2964 272 
2965 272 
2966 272 
2967 272 
2968 272 
2969 272 
2970 272 
2971 272 
2972 272 
2973 272 2972 
2974 272 
2975 272 
2976 272 
2977 272 
2978 272 
2979 272 
2980 272 
2981 272 
2982 272 
2983 272 
2984 272 
2985 272 94 
2986 272 
2987 272 
2988 272 2987 
2989 272 
2990 272 
2991 272 
2992 272 
2993 272 
2994 272 
2995 272 31 
2996 272 
2997 272 2996 
2998 272 
2999 272 
3000 272 
3001 272 
3002 272 
3003 272 
3004 272 
3005 272 
3006 272 
3007 272 
3008 272 
3009 272 255 
3010 272 183 54 
3011 272 
3012 272 1400 
3013 272 
3014 272 
3015 272 
3016 272 
3017 272 
3018 272 3017 
3019 272 62 3017 
3020 272 150 
3021 272 
3022 272 
3023 272 
3024 272 
3025 272 3024 
3026 272 
3027 272 
3028 272 
3029 272 
3030 272 54 
3031 272 
3032 272 
3033 272 
3034 272 
3035 272 
3036 272 
3037 272 
3038 272 
3039 272 
3040 272 
3041 272 
3042 272 
3043 272 3042 
3044 272 
3045 272 
3046 272 
3047 272 31 1829 131 
3048 272 
3049 272 
3050 272 133 
3051 272 
3052 272 3051 
3053 272 3051 708 
3054 272 3051 
3055 272 3051 
3056 272 3051 
3057 272 
3058 272 
3059 272 
3060 272 
3061 272 
3062 272 
3063 272 
3064 272 
3065 272 
3066 272 
3067 272 
3068 272 
3069 272 164 
3070 272 86 
3071 272 2580 2452 
3072 272 
3073 272 
3074 272 
3075 272 3074 
3076 272 45 
3077 272 
3078 272 
3079 272 
3080 272 
3081 272 
3082 272 2410 
3083 272 
3084 272 
3085 272 
3086 272 
3087 272 
3088 272 
3089 272 
3090 272 430 
3091 272 
3092 272 
3093 272 
3094 272 
3095 272 205 
3096 272 
3097 272 
3098 272 
3099 272 2075 3098 
3100 272 3098 
3101 272 3098 
3102 272 
3103 272 
3104 272 
3105 272 232 
3106 272 55 
3107 272 
3108 272 226 
3109 272 
3110 272 
3111 272 
3112 272 
3113 272 
3114 272 
3115 272 64 
3116 272 
3117 272 39 
3118 272 
3119 272 
3120 272 34 
3121 272 
3122 272 
3123 272 
3124 272 
3125 272 
3126 272 
3127 272 
3128 272 
3129 272 3128 
3130 272 3128 
3131 272 55 
3132 272 
3133 272 
3134 272 
3135 272 
3136 272 
3137 272 
3138 272 
3139 272 244 
3140 272 
3141 272 
3142 272 
3143 272 
3144 272 
3145 272 
3146 272 
3147 272 73 
3148 272 
3149 272 
3150 272 
3151 272 
3152 272 14 3152 
3153 272 14 3152 
3154 272 97 
3155 272 
3156 272 
3157 272 
3158 272 
3159 272 
3160 272 3160 
3161 272 
3162 272 
3163 272 
3164 272 3051 
3165 272 
3166 272 
3167 272 
3168 272 
3169 272 522 
3170 272 
3171 272 
3172 272 
3173 272 
3174 272 
3175 272 
3176 272 
3177 272 255 
3178 272 
3179 272 
3180 272 
3181 272 
3182 272 
3183 272 14 
3184 272 182 
3185 272 49 53 979 
3186 272 182 
3187 272 
3188 272 
3189 272 
3190 272 123 
3191 272 
3192 272 
3193 272 
3194 272 
3195 272 
3196 272 
3197 272 
3198 272 
3199 272 49 
3200 272 49 3200 
3201 272 49 3200 
3202 272 1269 
3203 272 
3204 272 
3205 272 
3206 272 25 26 
3207 272 
3208 272 
3209 272 
3210 272 73 202 
3211 272 3051 
3212 272 2710 
3213 272 
3214 272 3213 
3215 272 
3216 272 
3217 272 
3218 272 
3219 272 2075 742 
3220 272 
3221 272 
3222 272 830 
3223 272 
3224 272 
3225 272 
3226 272 
3227 272 2659 1145 
3228 272 2664 
3229 272 
3230 272 
3231 272 
3232 272 3231 
3233 272 3231 
3234 272 105 58 3231 
3235 272 1145 3231 
3236 272 1939 
3237 272 
3238 272 
3239 272 3238 
3240 272 3238 
3241 272 
3242 272 
3243 272 
3244 272 
3245 272 134 237 
3246 272 186 191 
3247 272 430 
3248 272 232 
3249 272 
3250 272 
3251 272 
3252 272 
3253 272 
3254 272 
3255 272 
3256 272 
3257 272 
3258 272 49 50 
3259 272 
3260 272 
3261 272 
3262 272 
3263 272 
3264 272 
3265 272 
3266 272 49 53 
3267 272 
3268 272 
3269 272 3269 
3270 272 2002 3269 
3271 272 134 97 94 0 
3272 272 
3273 272 
3274 272 
3275 272 
3276 272 
3277 272 
3278 272 3 
3279 272 
3280 272 
3281 272 
3282 272 
3283 272 
3284 272 
3285 272 
3286 272 
3287 272 
3288 272 
3289 272 134 
3290 272 
3291 272 
3292 272 
3293 272 
3294 272 
3295 272 
3296 272 
3297 272 
3298 272 
3299 272 
3300 272 
3301 272 166 485 
3302 272 
3303 272 
3304 272 
3305 272 2001 
3306 272 
3307 272 
3308 272 3307 
3309 272 43 
3310 272 
3311 272 39 
3312 272 2794 
3313 272 
3314 272 
3315 272 
3316 272 
3317 272 3316 
3318 272 64 3316 
3319 272 
3320 272 244 
3321 272 212 
3322 272 3316 
3323 272 
3324 272 3017 3323 
3325 272 
3326 272 161 
3327 272 
3328 272 
3329 272 
3330 272 
3331 272 
3332 272 
3333 272 
3334 272 742 
3335 272 
3336 272 
3337 272 2659 
3338 272 
3339 272 
3340 272 
3341 272 
3342 272 
3343 272 
3344 272 
3345 272 177 
3346 272 
3347 272 
3348 272 132 
3349 272 
3350 272 3349 
3351 272 
3352 272 
3353 272 
3354 272 
3355 272 
3356 272 
3357 272 
3358 272 64 
3359 272 
3360 272 
3361 272 
3362 272 
3363 272 
3364 272 
3365 272 
3366 272 
3367 272 
3368 272 
3369 272 49 53 
3370 272 77 
3371 272 
3372 272 
3373 272 
3374 272 
3375 272 
3376 272 
3377 272 258 
3378 272 
3379 272 
3380 272 
3381 272 
3382 272 
3383 272 
3384 272 
3385 272 264 3051 
3386 272 73 
3387 272 
3388 272 3388 
3389 272 
3390 272 122 
3391 272 
3392 272 3391 
3393 272 2631 
3394 272 
3395 272 2092 
3396 272 166 
3397 272 2710 
3398 272 
3399 272 
3400 272 
3401 272 
3402 272 
3403 272 
3404 272 3403 
3405 272 
3406 272 496 
3407 272 
3408 272 
3409 272 1829 
3410 272 
3411 272 
3412 272 
3413 272 
3414 272 
3415 272 
3416 272 60 
3417 272 
3418 272 212 
3419 272 260 43 
3420 272 
3421 272 1966 
3422 272 
3423 272 
3424 272 
3425 272 
3426 272 
3427 272 
3428 272 
3429 272 195 
3430 272 
3431 272 
3432 272 1829 2690 
3433 272 69 
3434 272 2534 
3435 272 
3436 272 
3437 272 
3438 272 1020 
3439 272 215 
3440 272 
3441 272 
3442 272 1291 
3443 272 
3444 272 
3445 272 
3446 272 3446 
3447 272 3446 
3448 272 
3449 272 
3450 272 
3451 272 
3452 272 
3453 272 
3454 272 
3455 272 
3456 272 
3457 272 
3458 272 
3459 272 
3460 272 
3461 272 
3462 272 45 
3463 272 
3464 272 143 
3465 272 
3466 272 
3467 272 
3468 272 
3469 272 
3470 272 
3471 272 
3472 272 
3473 272 
3474 272 
3475 272 64 
3476 272 
3477 272 940 3051 
3478 272 940 
3479 272 1375 
3480 272 231 
3481 272 128 
3482 272 
3483 272 
3484 272 7 
3485 272 7 3484 
3486 272 
3487 272 
3488 272 2633 
3489 272 186 187 
3490 272 
3491 272 2693 
3492 272 
3493 272 
3494 272 212 
3495 272 
3496 272 3162 
3497 272 
3498 272 
3499 272 
3500 272 
3501 272 56 
3502 272 19 
3503 272 
3504 272 
3505 272 
3506 272 
3507 272 979 
3508 272 
3509 272 
3510 272 
3511 272 143 
3512 272 
3513 272 
3514 272 2200 
3515 272 
3516 272 
3517 272 
3518 272 
3519 272 507 
3520 272 
3521 272 
3522 272 
3523 272 
3524 272 3523 
3525 272 
3526 272 3040 
3527 272 
3528 272 
3529 272 
3530 272 
3531 272 
3532 272 1400 1771 
3533 272 
3534 272 
3535 272 3534 
3536 272 3534 
3537 272 2410 3534 
3538 272 649 
3539 272 
3540 272 
3541 272 34 
3542 272 
3543 272 3543 
3544 272 3543 
3545 272 3543 3544 
3546 272 3543 3544 
3547 272 3543 3547 
3548 272 3543 
3549 272 3543 
3550 272 3543 
3551 272 3543 3316 
3552 272 3543 
3553 272 3543 2659 118 
3554 272 3543 166 118 
3555 272 3543 65 
3556 272 
3557 272 3040 
3558 272 3543 
3559 272 
3560 272 3316 3559 
3561 272 
3562 272 105 1302 220 3561 
3563 272 
3564 272 
3565 272 
3566 272 
3567 272 3543 3544 
3568 272 
3569 272 
3570 272 2207 
3571 272 
3572 272 58 
3573 272 2837 
3574 272 
3575 272 
3576 272 
3577 272 107 
3578 272 522 118 2 
3579 272 104 
3580 272 2546 
3581 272 
3582 272 198 
3583 272 
3584 272 
3585 272 
3586 272 430 
3587 272 57 
3588 272 
3589 272 
3590 272 
3591 272 
3592 272 131 3 
3593 272 49 207 3448 
3594 272 
3595 272 
3596 272 
3597 272 
3598 272 1829 
3599 272 
3600 272 
3601 272 
3602 272 
3603 272 
3604 272 
3605 272 
3606 272 
3607 272 126 64 
3608 272 21 
3609 272 
3610 272 
3611 272 
3612 272 
3613 272 
3614 272 
3615 272 
3616 272 
3617 272 58 
3618 272 
3619 272 3446 2922 
3620 272 
3621 272 
3622 272 
3623 272 
3624 272 
3625 272 
3626 272 
3627 272 
3628 272 
3629 272 3629 
3630 272 3629 
3631 272 131 
3632 272 
3633 272 
3634 272 60 
3635 272 
3636 272 
3637 272 1269 3017 
3638 272 725 107 249 
3639 272 
3640 272 
3641 272 141 10 
3642 272 
3643 272 
3644 272 1400 
3645 272 3 1968 
3646 272 123 
3647 272 
3648 272 
3649 272 
3650 272 
3651 272 120 
3652 272 232 
3653 272 940 
3654 272 31 164 1869 
3655 272 
3656 272 
3657 272 
3658 272 
3659 272 
3660 272 3659 
3661 272 3659 
3662 272 45 3659 
3663 272 3659 
3664 272 3659 
3665 272 3659 3597 
3666 272 
3667 272 3543 3547 3544 
3668 272 
3669 272 
3670 272 65 
3671 272 259 
3672 272 
3673 272 
3674 272 
3675 272 
3676 272 158 
3677 272 
3678 272 3677 
3679 272 
3680 272 
3681 272 
3682 272 
3683 272 
3684 272 
3685 272 
3686 272 
3687 272 
3688 272 
3689 272 
3690 272 
3691 272 
3692 272 
3693 272 
3694 272 282 522 
3695 272 
3696 272 3695 
3697 272 3695 
3698 272 3695 
3699 272 62 282 3695 
3700 272 438 57 123 2452 3695 
3701 272 
3702 272 3702 
3703 272 49 3702 
3704 272 3701 
3705 272 
3706 272 415 
3707 272 
3708 272 
3709 272 
3710 272 
3711 272 
3712 272 
3713 272 
3714 272 
3715 272 209 
3716 272 25 
3717 272 25 3716 
3718 272 
3719 272 
3720 272 
3721 272 
3722 272 496 
3723 272 
3724 272 
3725 272 
3726 272 232 
3727 272 
3728 272 
3729 272 
3730 272 
3731 272 
3732 272 43 
3733 272 
3734 272 
3735 272 2218 
3736 272 
3737 272 970 
3738 272 180 2001 1145 54 
3739 272 
3740 272 
3741 272 
3742 272 
3743 272 
3744 272 3497 
3745 272 
3746 272 
3747 272 
3748 272 
3749 272 
3750 272 
3751 272 
3752 272 
3753 272 
3754 272 3388 
3755 272 57 
3756 272 
3757 272 134 
3758 272 134 
3759 272 
3760 272 
3761 272 
3762 272 
3763 272 
3764 272 1895 
3765 272 
3766 272 1829 
3767 272 2604 
3768 272 86 
3769 272 
3770 272 105 3589 
3771 272 25 26 204 
3772 272 49 23 
3773 272 3659 
3774 272 3774 
3775 272 3774 
3776 272 3774 
3777 272 3774 3659 2972 
3778 272 3774 
3779 272 3774 
3780 272 3774 5 
3781 272 49 3774 207 60 
3782 272 3774 3128 
3783 272 3774 
3784 272 
3785 272 18 
3786 272 18 
3787 272 161 
3788 272 202 
3789 272 
3790 272 
3791 272 
3792 272 258 
3793 272 3543 725 3544 0 
3794 272 
3795 272 3231 3209 
3796 272 3298 
3797 272 
3798 272 
3799 272 
3800 272 
3801 272 
3802 272 
3803 272 
3804 272 
3805 272 2002 2690 107 1145 
3806 272 3806 
3807 272 
3808 272 
3809 272 
3810 272 
3811 272 
3812 272 
3813 272 141 
3814 272 
3815 272 1174 
3816 272 
3817 272 
3818 272 
3819 272 
3820 272 
3821 272 
3822 272 2659 
3823 272 
3824 272 
3825 272 1696 
3826 272 2579 
3827 272 2268 
3828 272 2690 
3829 272 
3830 272 
3831 272 186 3831 
3832 272 186 3831 
3833 272 186 3831 
3834 272 186 3831 2452 1240 
3835 272 186 3831 
3836 272 
3837 272 
3838 272 3837 
3839 272 3837 
3840 272 3837 
3841 272 3837 
3842 272 3837 
3843 272 3837 
3844 272 3837 
3845 272 3837 
3846 272 3837 
3847 272 3837 
3848 272 
3849 272 3849 
3850 272 3849 
3851 272 3849 
3852 272 3849 
3853 272 3849 
3854 272 3849 
3855 272 3849 
3856 272 3849 
3857 272 3848 
3858 272 3848 
3859 272 3848 100 
3860 272 3848 
3861 272 3848 
3862 272 3848 
3863 272 3848 
3864 272 3848 
3865 272 21 3848 
3866 272 3866 
3867 272 3866 
3868 272 3866 
3869 272 3866 976 
3870 272 3866 
3871 272 3866 1145 
3872 272 3866 222 
3873 272 3849 
3874 272 
3875 272 3875 
3876 272 3061 
3877 272 21 
3878 272 
3879 272 267 
3880 272 
3881 272 134 
3882 272 
3883 272 
3884 272 14 264 
3885 272 31 
3886 272 
3887 272 
3888 272 
3889 272 
3890 272 1302 226 1757 
3891 272 49 62 
3892 272 
3893 272 
3894 272 
3895 272 131 
3896 272 
3897 272 
3898 272 259 
3899 272 3899 
3900 272 3899 
3901 272 3899 
3902 272 3899 
3903 272 3899 282 
3904 272 3904 
3905 272 3904 2169 
3906 272 49 3904 50 
3907 272 3904 
3908 272 3904 
3909 272 3904 
3910 272 3904 3909 
3911 272 3911 
3912 272 3911 
3913 272 3911 
3914 272 3911 
3915 272 3911 
3916 272 3911 
3917 272 3911 
3918 272 3911 3904 681 
3919 272 3543 3911 
3920 272 3911 
3921 272 3911 
3922 272 3911 
3923 272 3911 
3924 272 3911 255 
3925 272 3904 
3926 272 3904 3925 
3927 272 3904 3925 
3928 272 3904 
3929 272 3899 
3930 272 3899 
3931 272 3899 
3932 272 3899 205 
3933 272 
3934 272 
3935 272 65 
3936 272 
3937 272 
3938 272 
3939 272 62 
3940 272 
3941 272 450 
3942 272 
3943 272 55 
3944 272 
3945 272 202 
3946 272 430 64 
3947 272 
3948 272 
3949 272 502 
3950 272 
3951 272 
3952 272 
3953 272 173 
3954 272 
3955 272 
3956 272 
3957 272 
3958 272 3543 3958 
3959 272 
3960 272 
3961 272 
3962 272 
3963 272 
3964 272 
3965 272 25 3716 
3966 272 496 
3967 272 
3968 272 
3969 272 64 
3970 272 65 
3971 272 259 
3972 272 
3973 272 2207 
3974 272 
3975 272 3974 
3976 272 
3977 272 
3978 272 
3979 272 
3980 272 430 73 1959 
3981 272 209 
3982 272 24 3213 
3983 272 235 
3984 272 177 
3985 272 1302 
3986 272 
3987 272 282 
3988 272 871 
3989 272 1586 
3990 272 3160 2604 
3991 272 1895 2556 
3992 272 
3993 272 
3994 272 
3995 272 
3996 272 57 
3997 272 39 970 
3998 272 
3999 272 1041 
4000 272 105 
4001 272 
4002 272 
4003 272 73 
4004 272 
4005 272 1622 4004 
4006 272 4004 
4007 272 
4008 272 
4009 272 4009 
4010 272 4009 
4011 272 4009 
4012 272 4009 
4013 272 4009 
4014 272 2307 
4015 272 
4016 272 
4017 272 128 3098 3084 
4018 272 
4019 272 
4020 272 
4021 272 
4022 272 
4023 272 
4024 272 
4025 272 21 
4026 272 
4027 272 4027 
4028 272 86 
4029 272 
4030 272 
4031 272 
4032 272 2659 1302 69 
4033 272 
4034 272 
4035 272 255 
4036 272 
4037 272 41 
4038 272 
4039 272 4039 
4040 272 49 207 4039 
4041 272 3904 4039 
4042 272 3849 4039 
4043 272 105 4039 681 1291 220 
4044 272 65 
4045 272 
4046 272 
4047 272 120 
4048 272 
4049 272 
4050 272 
4051 272 
4052 272 
4053 272 3849 
4054 272 264 
4055 272 
4056 272 681 4056 
4057 272 
4058 272 128 
4059 272 
4060 272 2002 3806 
4061 272 202 
4062 272 56 204 
4063 272 
4064 272 
4065 272 2604 
4066 272 1302 1136 
4067 272 1400 209 3098 
4068 272 
4069 272 1125 
4070 272 114 
4071 272 86 
4072 272 
4073 272 2897 
4074 272 49 53 
4075 272 
4076 272 
4077 272 
4078 272 
4079 272 
4080 272 
4081 272 2710 
4082 272 
4083 272 
4084 272 2002 
4085 272 264 2898 
4086 272 
4087 272 
4088 272 
4089 272 4089 
4090 272 4089 
4091 272 4089 
4092 272 183 4089 
4093 272 4089 
4094 272 198 
4095 272 203 
4096 272 
4097 272 
4098 272 4098 
4099 272 4098 
4100 272 
4101 272 
4102 272 4101 
4103 272 4101 
4104 272 1824 
4105 272 258 
4106 272 
4107 272 14 
4108 272 
4109 272 209 882 
4110 272 13 
4111 272 2604 
4112 272 
4113 272 14 
4114 272 1119 
4115 272 178 
4116 272 4016 
4117 272 
4118 272 
4119 272 
4120 272 25 2690 23 
4121 272 
4122 272 2633 
4123 272 260 
4124 272 
4125 272 
4126 272 
4127 272 166 
4128 272 3836 
4129 272 
4130 272 
4131 272 
4132 272 39 
4133 272 
4134 272 2075 
4135 272 
4136 272 
4137 272 
4138 272 
4139 272 244 
4140 272 
4141 272 
4142 272 
4143 272 
4144 272 
4145 272 
4146 272 105 202 220 
4147 272 1269 4147 
4148 272 1269 4147 
4149 272 1269 4147 940 
4150 272 1269 4147 
4151 272 1269 4147 2659 979 
4152 272 202 
4153 272 970 
4154 272 970 
4155 272 
4156 272 
4157 272 1829 231 
4158 272 
4159 272 122 
4160 272 2001 226 1936 
4161 272 3446 
4162 272 
4163 272 4162 
4164 272 4162 
4165 272 4162 
4166 272 3866 
4167 272 
4168 272 
4169 272 4168 
4170 272 4168 
4171 272 2927 4168 
4172 272 132 
4173 272 2408 118 1925 
4174 272 
4175 272 4175 
4176 272 4175 724 1918 
4177 272 4175 
4178 272 4175 
4179 272 4175 
4180 272 4175 
4181 272 4175 
4182 272 4175 
4183 272 4175 
4184 272 1269 4175 
4185 272 183 
4186 272 
4187 272 
4188 272 4187 
4189 272 
4190 272 2002 
4191 272 54 
4192 272 259 
4193 272 2710 
4194 272 2710 4193 
4195 272 2710 4193 
4196 272 2710 4193 
4197 272 2710 4193 
4198 272 2710 4193 
4199 272 2710 4193 
4200 272 2710 4193 
4201 272 2710 4193 
4202 272 2710 4193 
4203 272 
4204 272 
4205 272 49 
4206 272 49 1269 4205 
4207 272 162 243 
4208 272 49 45 162 29 53 243 
4209 272 270 
4210 272 107 
4211 272 
4212 272 1801 
4213 272 62 
4214 272 
4215 272 94 
4216 272 
4217 272 134 238 
4218 272 
4219 272 222 
4220 272 694 
4221 272 
4222 272 
4223 272 88 
4224 272 
4225 272 282 
4226 272 88 
4227 272 157 
4228 272 
4229 272 
4230 272 
4231 272 
4232 272 270 
4233 270 
